0 65535 1 
0 32767 2 
0 16383 8 
0 8191 12 
0 6143 8 
0 6015 2 
0 4095 12 
0 2047 24 
0 1919 12 
0 1911 6 
0 1023 24 
0 895 24 
0 863 24 
0 855 6 
0 831 8 
0 511 8 
0 383 8 
0 319 24 
0 287 12 
0 279 2 
0 255 8 
0 127 24 
0 63 96 
0 31 144 
0 23 80 
0 15 84 
0 7 336 
0 3 344 
0 1 454 
0 0 168 
1 32767 1 
1 16383 8 
1 8191 12 
1 6143 8 
1 6015 2 
1 4095 12 
1 2047 24 
1 1919 12 
1 1911 6 
1 1023 24 
1 895 24 
1 863 48 
1 855 30 
1 831 8 
1 511 8 
1 383 8 
1 319 96 
1 287 180 
1 279 70 
1 127 16 
1 63 168 
1 31 444 
1 23 244 
1 7 472 
3 24575 12 
3 22527 24 
3 22399 8 
3 22015 24 
3 21887 24 
3 21855 24 
3 16383 4 
3 8191 24 
3 6143 24 
3 6015 8 
3 5631 24 
3 5503 24 
3 5471 24 
3 4095 24 
3 2047 48 
3 1919 24 
3 1535 48 
3 1407 48 
3 1399 48 
3 1375 24 
3 1023 24 
3 895 24 
3 863 48 
3 855 192 
3 831 8 
3 511 48 
3 351 96 
3 319 72 
3 287 216 
3 95 144 
3 63 156 
3 31 504 
7 30591 6 
7 30583 12 
7 14335 24 
7 14207 24 
7 14199 48 
7 13311 48 
7 13183 48 
7 13175 96 
7 8191 6 
7 6143 24 
7 6015 12 
7 6007 24 
7 5119 48 
7 4991 48 
7 4983 96 
7 4607 24 
7 4479 24 
7 4471 48 
7 4095 12 
7 2047 24 
7 1919 12 
7 1023 48 
7 895 48 
7 511 120 
15 13311 24 
15 6143 24 
15 5119 48 
15 4607 24 
15 4095 6 
15 2047 24 
15 1023 48 
15 511 72 
23 8063 12 
23 7999 48 
23 7967 48 
23 6143 4 
23 6015 8 
23 5951 48 
23 3967 24 
23 2047 24 
23 1919 24 
23 1023 24 
23 895 24 
23 511 104 
31 3967 12 
31 2047 36 
279 6015 1 
279 1919 12 
