7
7 1
8 2
8 4
8 4
24 8
8 8
56 4
8 4
152 2
8 2
24 8
8 8
56 4
8 4
440 8
8 8
56 8
8 8
1016 2
8 2
2456 2
8 2
24 8
8 8
56 4
8 4
440 8
8 8
56 8
8 8
1016 2
8 2
15
15 1
8 4
8 4
24 8
8 8
56 4
8 4
152 2
8 2
24 8
8 8
56 4
8 4
440 8
8 8
56 8
8 8
1016 2
8 2
2456 2
8 2
24 8
8 8
56 4
8 4
440 8
8 8
56 8
8 8
1016 2
8 2
23
23 2
8 4
24 8
8 8
56 4
8 4
136 2
8 4
8 4
8 4
24 8
8 8
56 4
8 4
392 8
8 8
8 8
8 8
24 16
8 16
56 8
8 8
904 4
8 4
8 4
8 4
24 8
8 8
56 4
8 4
2456 4
8 4
24 8
8 8
56 4
8 4
408 8
8 8
24 16
8 16
56 8
8 8
920 4
8 4
24 8
8 8
56 4
8 4
31
31 2
24 8
8 8
56 4
8 4
144 2
8 4
8 4
24 8
8 8
56 4
8 4
392 8
8 8
8 8
8 8
24 16
8 16
56 8
8 8
904 4
8 4
8 4
8 4
24 8
8 8
56 4
8 4
2456 4
8 4
24 8
8 8
56 4
8 4
408 8
8 8
24 16
8 16
56 8
8 8
920 4
8 4
24 8
8 8
56 4
8 4
55
55 4
8 8
24 4
8 8
24 8
8 8
152 8
8 8
24 8
8 8
24 8
8 8
24 8
8 8
392 8
8 16
8 16
8 16
24 16
8 16
24 16
8 16
24 16
8 16
904 8
8 8
8 8
8 8
24 8
8 8
24 8
8 8
24 8
8 8
2456 8
8 8
24 8
8 8
24 8
8 8
24 8
8 8
408 16
8 16
24 16
8 16
24 16
8 16
24 16
8 16
920 8
8 8
24 8
8 8
24 8
8 8
24 8
8 8
63
63 4
32 4
24 8
8 8
152 8
8 8
24 8
8 8
24 8
8 8
24 8
8 8
400 8
8 16
8 16
24 16
8 16
24 16
8 16
24 16
8 16
904 8
8 8
8 8
8 8
24 8
8 8
24 8
8 8
24 8
8 8
2456 8
8 8
24 8
8 8
24 8
8 8
24 8
8 8
408 16
8 16
24 16
8 16
24 16
8 16
24 16
8 16
920 8
8 8
24 8
8 8
24 8
8 8
24 8
8 8
119
119 2
8 4
152 4
8 4
24 8
8 8
56 4
8 4
408 8
8 8
24 16
8 16
56 8
8 8
904 2
8 4
8 4
8 4
24 8
8 8
56 4
8 4
2456 4
8 4
24 8
8 8
56 4
8 4
408 8
8 8
24 16
8 16
56 8
8 8
920 4
8 4
24 8
8 8
56 4
8 4
127
127 2
152 4
8 4
24 8
8 8
56 4
8 4
408 8
8 8
24 16
8 16
56 8
8 8
912 2
8 4
8 4
24 8
8 8
56 4
8 4
2456 4
8 4
24 8
8 8
56 4
8 4
408 8
8 8
24 16
8 16
56 8
8 8
920 4
8 4
24 8
8 8
56 4
8 4
279
279 1
8 2
24 8
8 8
56 4
8 4
440 8
8 8
56 8
8 8
1016 2
8 2
2456 2
8 2
24 8
8 8
56 4
8 4
440 8
8 8
56 8
8 8
1016 2
8 2
287
287 1
24 8
8 8
56 4
8 4
440 8
8 8
56 8
8 8
1016 2
8 2
2456 2
8 2
24 8
8 8
56 4
8 4
440 8
8 8
56 8
8 8
1016 2
8 2
311
311 4
8 8
24 4
8 8
24 8
8 8
408 8
8 16
24 16
8 16
24 16
8 16
24 16
8 16
920 8
8 8
24 8
8 8
24 8
8 8
24 8
8 8
2456 8
8 8
24 8
8 8
24 8
8 8
24 8
8 8
408 16
8 16
24 16
8 16
24 16
8 16
24 16
8 16
920 8
8 8
24 8
8 8
24 8
8 8
24 8
8 8
319
319 4
32 4
24 8
8 8
416 8
24 16
8 16
24 16
8 16
24 16
8 16
920 8
8 8
24 8
8 8
24 8
8 8
24 8
8 8
2456 8
8 8
24 8
8 8
24 8
8 8
24 8
8 8
408 16
8 16
24 16
8 16
24 16
8 16
24 16
8 16
920 8
8 8
24 8
8 8
24 8
8 8
24 8
8 8
375
375 2
8 4
440 16
8 16
56 8
8 8
920 2
8 4
24 8
8 8
56 4
8 4
2456 4
8 4
24 8
8 8
56 4
8 4
408 8
8 8
24 16
8 16
56 8
8 8
920 4
8 4
24 8
8 8
56 4
8 4
383
383 2
440 16
8 16
56 8
8 8
928 2
24 8
8 8
56 4
8 4
2456 4
8 4
24 8
8 8
56 4
8 4
408 8
8 8
24 16
8 16
56 8
8 8
920 4
8 4
24 8
8 8
56 4
8 4
823
823 4
8 8
24 8
8 16
24 16
8 16
472 4
8 8
24 16
8 16
504 8
8 8
2456 8
8 8
24 16
8 16
24 16
8 16
24 16
8 16
440 8
8 8
24 16
8 16
24 16
8 16
472 8
8 8
24 16
8 16
504 8
8 8
831
831 4
32 8
24 16
8 16
480 4
24 16
8 16
504 8
8 8
2456 8
8 8
24 16
8 16
24 16
8 16
24 16
8 16
440 8
8 8
24 16
8 16
24 16
8 16
472 8
8 8
24 16
8 16
504 8
8 8
887
887 4
8 8
504 4
8 8
440 8
8 16
56 8
8 8
2456 8
8 8
24 16
8 16
56 8
8 8
408 8
8 8
24 16
8 16
56 8
8 8
408 8
8 8
24 16
8 16
56 8
8 8
408 8
8 8
24 16
8 16
56 8
8 8
895
895 4
512 4
448 8
56 8
8 8
2456 8
8 8
24 16
8 16
56 8
8 8
408 8
8 8
24 16
8 16
56 8
8 8
408 8
8 8
24 16
8 16
56 8
8 8
408 8
8 8
24 16
8 16
56 8
8 8
1911
1911 1
8 2
2456 2
8 2
24 8
8 8
56 4
8 4
440 8
8 8
56 8
8 8
1016 2
8 2
1919
1919 1
2456 2
8 2
24 8
8 8
56 4
8 4
440 8
8 8
56 8
8 8
1016 2
8 2
4375
4375 1
8 2
24 8
8 8
56 4
8 4
440 8
8 8
56 8
8 8
1016 2
8 2
4383
4383 1
24 8
8 8
56 4
8 4
440 8
8 8
56 8
8 8
1016 2
8 2
4407
4407 4
8 8
24 4
8 8
24 8
8 8
408 8
8 16
24 16
8 16
24 16
8 16
24 16
8 16
920 8
8 8
24 8
8 8
24 8
8 8
24 8
8 8
4415
4415 4
32 4
24 8
8 8
416 8
24 16
8 16
24 16
8 16
24 16
8 16
920 8
8 8
24 8
8 8
24 8
8 8
24 8
8 8
4471
4471 2
8 4
440 16
8 16
56 8
8 8
920 2
8 4
24 8
8 8
56 4
8 4
4479
4479 2
440 16
8 16
56 8
8 8
928 2
24 8
8 8
56 4
8 4
4919
4919 4
8 8
24 8
8 16
24 16
8 16
472 4
8 8
24 16
8 16
504 8
8 8
4927
4927 4
32 8
24 16
8 16
480 4
24 16
8 16
504 8
8 8
4983
4983 4
8 8
504 4
8 8
440 8
8 16
56 8
8 8
4991
4991 4
512 4
448 8
56 8
8 8
6007
6007 1
8 2
6015
6015 1
