7
7 1
16 4
32 8
64 4
160 2
32 8
64 4
448 8
64 8
1024 2
2464 2
32 8
64 4
448 8
64 8
1024 2
23
23 2
32 8
64 4
144 2
16 4
32 8
64 4
400 8
16 8
32 16
64 8
912 4
16 4
32 8
64 4
2464 4
32 8
64 4
416 8
32 16
64 8
928 4
32 8
64 4
55
55 4
32 4
32 8
160 8
32 8
32 8
32 8
400 8
16 16
32 16
32 16
32 16
912 8
16 8
32 8
32 8
32 8
2464 8
32 8
32 8
32 8
416 16
32 16
32 16
32 16
928 8
32 8
32 8
32 8
119
119 2
160 4
32 8
64 4
416 8
32 16
64 8
912 2
16 4
32 8
64 4
2464 4
32 8
64 4
416 8
32 16
64 8
928 4
32 8
64 4
279
279 1
32 8
64 4
448 8
64 8
1024 2
2464 2
32 8
64 4
448 8
64 8
1024 2
311
311 4
32 4
32 8
416 8
32 16
32 16
32 16
928 8
32 8
32 8
32 8
2464 8
32 8
32 8
32 8
416 16
32 16
32 16
32 16
928 8
32 8
32 8
32 8
375
375 2
448 16
64 8
928 2
32 8
64 4
2464 4
32 8
64 4
416 8
32 16
64 8
928 4
32 8
64 4
823
823 4
32 8
32 16
480 4
32 16
512 8
2464 8
32 16
32 16
32 16
448 8
32 16
32 16
480 8
32 16
512 8
887
887 4
512 4
448 8
64 8
2464 8
32 16
64 8
416 8
32 16
64 8
416 8
32 16
64 8
416 8
32 16
64 8
1911
1911 1
2464 2
32 8
64 4
448 8
64 8
1024 2
4375
4375 1
32 8
64 4
448 8
64 8
1024 2
4407
4407 4
32 4
32 8
416 8
32 16
32 16
32 16
928 8
32 8
32 8
32 8
4471
4471 2
448 16
64 8
928 2
32 8
64 4
4919
4919 4
32 8
32 16
480 4
32 16
512 8
4983
4983 4
512 4
448 8
64 8
6007
6007 1
