7
7 1
16 2
32 2
32 2
32 2
144 2
16 2
32 2
32 2
32 2
400 2
16 2
32 2
32 2
32 2
3488 2
32 2
32 2
32 2
416 2
32 2
32 2
32 2
8128 2
64 2
23
23 1
32 2
32 2
32 2
144 2
16 2
32 2
32 2
32 2
400 2
16 2
32 2
32 2
32 2
3488 2
32 2
32 2
32 2
416 2
32 2
32 2
32 2
8128 2
64 2
55
55 1
32 2
32 2
144 2
16 2
32 2
32 2
32 2
400 2
16 2
32 2
32 2
32 2
3488 2
32 2
32 2
32 2
416 2
32 2
32 2
32 2
8128 2
64 2
87
87 1
32 2
144 2
16 2
32 2
32 2
32 2
400 2
16 2
32 2
32 2
32 2
3488 2
32 2
32 2
32 2
416 2
32 2
32 2
32 2
8128 2
64 2
119
119 1
144 2
16 2
32 2
32 2
32 2
400 2
16 2
32 2
32 2
32 2
3488 2
32 2
32 2
32 2
416 2
32 2
32 2
32 2
8128 2
64 2
263
263 1
16 2
32 2
32 2
32 2
400 2
16 2
32 2
32 2
32 2
3488 2
32 2
32 2
32 2
416 2
32 2
32 2
32 2
8128 2
64 2
279
279 1
32 2
32 2
32 2
400 2
16 2
32 2
32 2
32 2
3488 2
32 2
32 2
32 2
416 2
32 2
32 2
32 2
8128 2
64 2
311
311 1
32 2
32 2
400 2
16 2
32 2
32 2
32 2
3488 2
32 2
32 2
32 2
416 2
32 2
32 2
32 2
8128 2
64 2
343
343 1
32 2
400 2
16 2
32 2
32 2
32 2
3488 2
32 2
32 2
32 2
416 2
32 2
32 2
32 2
8128 2
64 2
375
375 1
400 2
16 2
32 2
32 2
32 2
3488 2
32 2
32 2
32 2
416 2
32 2
32 2
32 2
8128 2
64 2
775
775 1
16 2
32 2
32 2
32 2
3488 2
32 2
32 2
32 2
416 2
32 2
32 2
32 2
8128 2
64 2
791
791 1
32 2
32 2
32 2
3488 2
32 2
32 2
32 2
416 2
32 2
32 2
32 2
8128 2
64 2
823
823 1
32 2
32 2
3488 2
32 2
32 2
32 2
416 2
32 2
32 2
32 2
8128 2
64 2
855
855 1
32 2
3488 2
32 2
32 2
32 2
416 2
32 2
32 2
32 2
8128 2
64 2
887
887 1
3488 2
32 2
32 2
32 2
416 2
32 2
32 2
32 2
8128 2
64 2
4375
4375 1
32 2
32 2
32 2
416 2
32 2
32 2
32 2
8128 2
64 2
4407
4407 1
32 2
32 2
416 2
32 2
32 2
32 2
8128 2
64 2
4439
4439 1
32 2
416 2
32 2
32 2
32 2
8128 2
64 2
4471
4471 1
416 2
32 2
32 2
32 2
8128 2
64 2
4887
4887 1
32 2
32 2
32 2
8128 2
64 2
4919
4919 1
32 2
32 2
8128 2
64 2
4951
4951 1
32 2
8128 2
64 2
4983
4983 1
8128 2
64 2
13111
13111 1
64 2
13175
13175 1
