7
7 1
8 2
8 4
8 4
24 8
8 8
56 4
8 4
128 4
24 2
8 2
24 8
8 8
56 4
8 4
128 4
312 8
8 8
56 8
8 8
128 8
888 2
8 2
128 4
2048 2
15
15 1
8 4
8 4
24 8
8 8
56 4
8 4
128 4
24 2
8 2
24 8
8 8
56 4
8 4
128 4
312 8
8 8
56 8
8 8
128 8
888 2
8 2
128 4
2048 2
23
23 2
8 4
24 8
8 8
56 4
8 4
128 4
8 2
8 4
8 4
8 4
24 8
8 8
56 4
8 4
128 4
264 8
8 8
8 8
8 8
24 16
8 16
56 8
8 8
128 8
776 4
8 4
8 4
8 4
24 8
8 8
56 4
8 4
128 4
1808 4
16 4
32 8
64 4
128 4
31
31 2
24 8
8 8
56 4
8 4
128 4
16 2
8 4
8 4
24 8
8 8
56 4
8 4
128 4
264 8
8 8
8 8
8 8
24 16
8 16
56 8
8 8
128 8
776 4
8 4
8 4
8 4
24 8
8 8
56 4
8 4
128 4
1808 4
16 4
32 8
64 4
128 4
55
55 4
8 8
24 4
8 8
24 8
8 8
128 8
24 8
8 8
24 8
8 8
24 8
8 8
24 8
8 8
128 8
264 8
8 16
8 16
8 16
24 16
8 16
24 16
8 16
24 16
8 16
128 16
776 8
8 8
8 8
8 8
24 8
8 8
24 8
8 8
24 8
8 8
128 8
1808 8
16 8
32 8
32 8
32 8
128 8
63
63 4
32 4
24 8
8 8
128 8
24 8
8 8
24 8
8 8
24 8
8 8
24 8
8 8
128 8
272 8
8 16
8 16
24 16
8 16
24 16
8 16
24 16
8 16
128 16
776 8
8 8
8 8
8 8
24 8
8 8
24 8
8 8
24 8
8 8
128 8
1808 8
16 8
32 8
32 8
32 8
128 8
119
119 2
8 4
128 4
24 4
8 4
24 8
8 8
56 4
8 4
128 4
280 8
8 8
24 16
8 16
56 8
8 8
128 8
776 2
8 4
8 4
8 4
24 8
8 8
56 4
8 4
128 4
1808 4
16 4
32 8
64 4
128 4
127
127 2
128 4
24 4
8 4
24 8
8 8
56 4
8 4
128 4
280 8
8 8
24 16
8 16
56 8
8 8
128 8
784 2
8 4
8 4
24 8
8 8
56 4
8 4
128 4
1808 4
16 4
32 8
64 4
128 4
255
255 2
24 4
8 4
24 8
8 8
56 4
8 4
128 4
280 8
8 8
24 16
8 16
56 8
8 8
128 8
792 4
8 4
24 8
8 8
56 4
8 4
128 4
1808 2
16 4
32 8
64 4
128 4
279
279 1
8 2
24 8
8 8
56 4
8 4
128 4
312 8
8 8
56 8
8 8
128 8
888 2
8 2
128 4
2048 2
287
287 1
24 8
8 8
56 4
8 4
128 4
312 8
8 8
56 8
8 8
128 8
888 2
8 2
128 4
2048 2
311
311 4
8 8
24 4
8 8
24 8
8 8
128 8
280 8
8 16
24 16
8 16
24 16
8 16
24 16
8 16
128 16
792 8
8 8
24 8
8 8
24 8
8 8
24 8
8 8
128 8
1824 8
32 8
32 8
32 8
128 8
319
319 4
32 4
24 8
8 8
128 8
288 8
24 16
8 16
24 16
8 16
24 16
8 16
128 16
792 8
8 8
24 8
8 8
24 8
8 8
24 8
8 8
128 8
1824 8
32 8
32 8
32 8
128 8
375
375 2
8 4
128 4
312 16
8 16
56 8
8 8
128 8
792 2
8 4
24 8
8 8
56 4
8 4
128 4
1824 4
32 8
64 4
128 4
383
383 2
128 4
312 16
8 16
56 8
8 8
128 8
800 2
24 8
8 8
56 4
8 4
128 4
1824 4
32 8
64 4
128 4
511
511 2
312 16
8 16
56 8
8 8
128 8
824 8
8 8
56 4
8 4
128 4
1824 2
32 8
64 4
128 4
823
823 4
8 8
24 8
8 16
24 16
8 16
128 16
344 4
8 8
24 16
8 16
128 16
376 8
8 8
128 16
2048 8
831
831 4
32 8
24 16
8 16
128 16
352 4
24 16
8 16
128 16
376 8
8 8
128 16
2048 8
887
887 4
8 8
128 8
376 4
8 8
128 8
312 8
8 16
56 8
8 8
128 8
1856 16
64 8
128 8
895
895 4
128 8
384 4
128 8
320 8
56 8
8 8
128 8
1856 16
64 8
128 8
1023
1023 4
512 4
376 8
8 8
128 8
1856 8
64 8
128 8
1911
1911 1
8 2
128 4
2048 2
1919
1919 1
128 4
2048 2
2047
2047 2
1920 2
128 4
4095
4095 1
