3
3 1
4 2
8 2
4 4
4 4
8 4
20 4
4 4
8 4
24 4
8 4
24 4
8 4
128 4
20 2
4 2
8 2
20 4
4 4
8 4
24 4
8 4
24 4
8 4
128 4
308 2
4 2
8 2
24 4
8 4
24 4
8 4
128 4
344 2
8 2
24 4
8 4
128 4
376 2
8 2
128 4
2048 2
7
7 1
8 2
4 4
4 4
8 4
20 4
4 4
8 4
24 4
8 4
24 4
8 4
128 4
20 2
4 2
8 2
20 4
4 4
8 4
24 4
8 4
24 4
8 4
128 4
308 2
4 2
8 2
24 4
8 4
24 4
8 4
128 4
344 2
8 2
24 4
8 4
128 4
376 2
8 2
128 4
2048 2
15
15 1
4 4
4 4
8 4
20 4
4 4
8 4
24 4
8 4
24 4
8 4
128 4
20 2
4 2
8 2
20 4
4 4
8 4
24 4
8 4
24 4
8 4
128 4
308 2
4 2
8 2
24 4
8 4
24 4
8 4
128 4
344 2
8 2
24 4
8 4
128 4
376 2
8 2
128 4
2048 2
19
19 2
4 4
8 4
20 4
4 4
8 4
24 4
8 4
24 4
8 4
128 4
4 2
4 4
8 4
4 4
4 4
8 4
20 4
4 4
8 4
24 4
8 4
24 4
8 4
128 4
260 4
4 4
8 4
4 4
4 4
8 4
20 4
4 4
8 4
24 4
8 4
24 4
8 4
128 4
264 4
8 4
8 4
8 4
24 4
8 4
24 4
8 4
24 4
8 4
128 4
264 4
8 4
8 4
8 4
24 4
8 4
24 4
8 4
24 4
8 4
128 4
1808 4
16 4
32 4
32 4
32 4
128 4
23
23 2
8 4
20 4
4 4
8 4
24 4
8 4
24 4
8 4
128 4
8 2
8 4
4 4
4 4
8 4
20 4
4 4
8 4
24 4
8 4
24 4
8 4
128 4
260 4
4 4
8 4
4 4
4 4
8 4
20 4
4 4
8 4
24 4
8 4
24 4
8 4
128 4
264 4
8 4
8 4
8 4
24 4
8 4
24 4
8 4
24 4
8 4
128 4
264 4
8 4
8 4
8 4
24 4
8 4
24 4
8 4
24 4
8 4
128 4
1808 4
16 4
32 4
32 4
32 4
128 4
31
31 2
20 4
4 4
8 4
24 4
8 4
24 4
8 4
128 4
16 2
4 4
4 4
8 4
20 4
4 4
8 4
24 4
8 4
24 4
8 4
128 4
260 4
4 4
8 4
4 4
4 4
8 4
20 4
4 4
8 4
24 4
8 4
24 4
8 4
128 4
264 4
8 4
8 4
8 4
24 4
8 4
24 4
8 4
24 4
8 4
128 4
264 4
8 4
8 4
8 4
24 4
8 4
24 4
8 4
24 4
8 4
128 4
1808 4
16 4
32 4
32 4
32 4
128 4
51
51 2
4 4
8 4
24 4
8 4
24 4
8 4
128 4
20 4
4 4
8 4
20 4
4 4
8 4
24 4
8 4
24 4
8 4
128 4
260 2
4 4
8 4
4 4
4 4
8 4
20 4
4 4
8 4
24 4
8 4
24 4
8 4
128 4
264 4
8 4
8 4
8 4
24 4
8 4
24 4
8 4
24 4
8 4
128 4
264 4
8 4
8 4
8 4
24 4
8 4
24 4
8 4
24 4
8 4
128 4
1808 4
16 4
32 4
32 4
32 4
128 4
55
55 2
8 4
24 4
8 4
24 4
8 4
128 4
20 4
4 4
8 4
20 4
4 4
8 4
24 4
8 4
24 4
8 4
128 4
264 2
8 4
4 4
4 4
8 4
20 4
4 4
8 4
24 4
8 4
24 4
8 4
128 4
264 4
8 4
8 4
8 4
24 4
8 4
24 4
8 4
24 4
8 4
128 4
264 4
8 4
8 4
8 4
24 4
8 4
24 4
8 4
24 4
8 4
128 4
1808 4
16 4
32 4
32 4
32 4
128 4
63
63 2
24 4
8 4
24 4
8 4
128 4
20 4
4 4
8 4
20 4
4 4
8 4
24 4
8 4
24 4
8 4
128 4
272 2
4 4
4 4
8 4
20 4
4 4
8 4
24 4
8 4
24 4
8 4
128 4
264 4
8 4
8 4
8 4
24 4
8 4
24 4
8 4
24 4
8 4
128 4
264 4
8 4
8 4
8 4
24 4
8 4
24 4
8 4
24 4
8 4
128 4
1808 4
16 4
32 4
32 4
32 4
128 4
87
87 2
8 4
24 4
8 4
128 4
20 4
4 4
8 4
20 4
4 4
8 4
24 4
8 4
24 4
8 4
128 4
276 4
4 4
8 4
20 4
4 4
8 4
24 4
8 4
24 4
8 4
128 4
264 2
8 4
8 4
8 4
24 4
8 4
24 4
8 4
24 4
8 4
128 4
264 4
8 4
8 4
8 4
24 4
8 4
24 4
8 4
24 4
8 4
128 4
1808 4
16 4
32 4
32 4
32 4
128 4
95
95 2
24 4
8 4
128 4
20 4
4 4
8 4
20 4
4 4
8 4
24 4
8 4
24 4
8 4
128 4
276 4
4 4
8 4
20 4
4 4
8 4
24 4
8 4
24 4
8 4
128 4
272 2
8 4
8 4
24 4
8 4
24 4
8 4
24 4
8 4
128 4
264 4
8 4
8 4
8 4
24 4
8 4
24 4
8 4
24 4
8 4
128 4
1808 4
16 4
32 4
32 4
32 4
128 4
119
119 2
8 4
128 4
20 4
4 4
8 4
20 4
4 4
8 4
24 4
8 4
24 4
8 4
128 4
276 4
4 4
8 4
20 4
4 4
8 4
24 4
8 4
24 4
8 4
128 4
280 4
8 4
24 4
8 4
24 4
8 4
24 4
8 4
128 4
264 2
8 4
8 4
8 4
24 4
8 4
24 4
8 4
24 4
8 4
128 4
1808 4
16 4
32 4
32 4
32 4
128 4
127
127 2
128 4
20 4
4 4
8 4
20 4
4 4
8 4
24 4
8 4
24 4
8 4
128 4
276 4
4 4
8 4
20 4
4 4
8 4
24 4
8 4
24 4
8 4
128 4
280 4
8 4
24 4
8 4
24 4
8 4
24 4
8 4
128 4
272 2
8 4
8 4
24 4
8 4
24 4
8 4
24 4
8 4
128 4
1808 4
16 4
32 4
32 4
32 4
128 4
255
255 2
20 4
4 4
8 4
20 4
4 4
8 4
24 4
8 4
24 4
8 4
128 4
276 4
4 4
8 4
20 4
4 4
8 4
24 4
8 4
24 4
8 4
128 4
280 4
8 4
24 4
8 4
24 4
8 4
24 4
8 4
128 4
280 4
8 4
24 4
8 4
24 4
8 4
24 4
8 4
128 4
1808 2
16 4
32 4
32 4
32 4
128 4
275
275 1
4 2
8 2
20 4
4 4
8 4
24 4
8 4
24 4
8 4
128 4
308 2
4 2
8 2
24 4
8 4
24 4
8 4
128 4
344 2
8 2
24 4
8 4
128 4
376 2
8 2
128 4
2048 2
279
279 1
8 2
20 4
4 4
8 4
24 4
8 4
24 4
8 4
128 4
308 2
4 2
8 2
24 4
8 4
24 4
8 4
128 4
344 2
8 2
24 4
8 4
128 4
376 2
8 2
128 4
2048 2
287
287 1
20 4
4 4
8 4
24 4
8 4
24 4
8 4
128 4
308 2
4 2
8 2
24 4
8 4
24 4
8 4
128 4
344 2
8 2
24 4
8 4
128 4
376 2
8 2
128 4
2048 2
307
307 2
4 4
8 4
24 4
8 4
24 4
8 4
128 4
276 2
4 4
8 4
20 4
4 4
8 4
24 4
8 4
24 4
8 4
128 4
280 4
8 4
24 4
8 4
24 4
8 4
24 4
8 4
128 4
280 4
8 4
24 4
8 4
24 4
8 4
24 4
8 4
128 4
1824 4
32 4
32 4
32 4
128 4
311
311 2
8 4
24 4
8 4
24 4
8 4
128 4
280 2
8 4
20 4
4 4
8 4
24 4
8 4
24 4
8 4
128 4
280 4
8 4
24 4
8 4
24 4
8 4
24 4
8 4
128 4
280 4
8 4
24 4
8 4
24 4
8 4
24 4
8 4
128 4
1824 4
32 4
32 4
32 4
128 4
319
319 2
24 4
8 4
24 4
8 4
128 4
288 2
20 4
4 4
8 4
24 4
8 4
24 4
8 4
128 4
280 4
8 4
24 4
8 4
24 4
8 4
24 4
8 4
128 4
280 4
8 4
24 4
8 4
24 4
8 4
24 4
8 4
128 4
1824 4
32 4
32 4
32 4
128 4
343
343 2
8 4
24 4
8 4
128 4
308 4
4 4
8 4
24 4
8 4
24 4
8 4
128 4
280 2
8 4
24 4
8 4
24 4
8 4
24 4
8 4
128 4
280 4
8 4
24 4
8 4
24 4
8 4
24 4
8 4
128 4
1824 4
32 4
32 4
32 4
128 4
351
351 2
24 4
8 4
128 4
308 4
4 4
8 4
24 4
8 4
24 4
8 4
128 4
288 2
24 4
8 4
24 4
8 4
24 4
8 4
128 4
280 4
8 4
24 4
8 4
24 4
8 4
24 4
8 4
128 4
1824 4
32 4
32 4
32 4
128 4
375
375 2
8 4
128 4
308 4
4 4
8 4
24 4
8 4
24 4
8 4
128 4
312 4
8 4
24 4
8 4
24 4
8 4
128 4
280 2
8 4
24 4
8 4
24 4
8 4
24 4
8 4
128 4
1824 4
32 4
32 4
32 4
128 4
383
383 2
128 4
308 4
4 4
8 4
24 4
8 4
24 4
8 4
128 4
312 4
8 4
24 4
8 4
24 4
8 4
128 4
288 2
24 4
8 4
24 4
8 4
24 4
8 4
128 4
1824 4
32 4
32 4
32 4
128 4
511
511 2
308 4
4 4
8 4
24 4
8 4
24 4
8 4
128 4
312 4
8 4
24 4
8 4
24 4
8 4
128 4
312 4
8 4
24 4
8 4
24 4
8 4
128 4
1824 2
32 4
32 4
32 4
128 4
819
819 1
4 2
8 2
24 4
8 4
24 4
8 4
128 4
344 2
8 2
24 4
8 4
128 4
376 2
8 2
128 4
2048 2
823
823 1
8 2
24 4
8 4
24 4
8 4
128 4
344 2
8 2
24 4
8 4
128 4
376 2
8 2
128 4
2048 2
831
831 1
24 4
8 4
24 4
8 4
128 4
344 2
8 2
24 4
8 4
128 4
376 2
8 2
128 4
2048 2
855
855 2
8 4
24 4
8 4
128 4
312 2
8 4
24 4
8 4
24 4
8 4
128 4
312 4
8 4
24 4
8 4
24 4
8 4
128 4
1856 4
32 4
32 4
128 4
863
863 2
24 4
8 4
128 4
320 2
24 4
8 4
24 4
8 4
128 4
312 4
8 4
24 4
8 4
24 4
8 4
128 4
1856 4
32 4
32 4
128 4
887
887 2
8 4
128 4
344 4
8 4
24 4
8 4
128 4
312 2
8 4
24 4
8 4
24 4
8 4
128 4
1856 4
32 4
32 4
128 4
895
895 2
128 4
344 4
8 4
24 4
8 4
128 4
320 2
24 4
8 4
24 4
8 4
128 4
1856 4
32 4
32 4
128 4
1023
1023 2
344 4
8 4
24 4
8 4
128 4
344 4
8 4
24 4
8 4
128 4
1856 2
32 4
32 4
128 4
1367
1367 1
8 2
24 4
8 4
128 4
376 2
8 2
128 4
2048 2
1375
1375 1
24 4
8 4
128 4
376 2
8 2
128 4
2048 2
1399
1399 2
8 4
128 4
344 2
8 4
24 4
8 4
128 4
1888 4
32 4
128 4
1407
1407 2
128 4
352 2
24 4
8 4
128 4
1888 4
32 4
128 4
1535
1535 2
376 4
8 4
128 4
1888 2
32 4
128 4
1911
1911 1
8 2
128 4
2048 2
1919
1919 1
128 4
2048 2
2047
2047 2
1920 2
128 4
4095
4095 1
