0
0 1
1 2
2 8
4 4
12 8
4 8
28 8
4 16
64 8
160 2
32 8
64 8
480 4
32 8
1024 2
1
1 1
2 8
4 4
12 8
4 8
28 8
4 16
64 8
160 2
32 8
64 8
480 4
32 8
1024 2
3
3 4
2 4
2 8
10 8
2 16
2 16
2 16
28 16
4 16
30 16
2 16
32 16
154 8
2 8
2 8
2 8
28 16
4 16
30 16
2 16
32 16
444 8
4 8
32 16
32 16
478 8
2 8
32 16
512 8
7
7 2
12 16
4 8
28 16
4 16
64 8
154 2
2 8
4 4
28 16
4 16
64 8
444 8
4 8
32 8
32 16
1024 4
19
19 4
2 8
2 16
28 8
4 16
30 16
2 16
32 16
142 4
2 16
16 8
32 8
30 16
2 16
32 16
480 8
32 8
398 8
2 16
16 8
32 8
30 16
2 16
32 16
480 8
32 8
23
23 4
28 16
4 16
64 8
144 4
12 8
4 8
28 16
4 16
64 8
396 16
4 16
12 16
4 16
28 16
4 16
32 16
32 16
912 8
16 8
32 16
64 8
51
51 4
4 16
30 8
2 16
32 16
160 8
32 8
30 16
2 16
32 16
480 8
32 8
398 4
2 16
16 8
32 8
30 16
2 16
32 16
480 8
32 8
55
55 8
32 8
32 16
160 16
28 8
4 16
30 16
2 16
32 16
400 8
16 16
28 16
4 16
32 16
32 16
400 8
14 8
2 16
32 16
30 16
2 16
32 16
400 16
16 16
32 16
32 16
32 16
119
119 4
160 8
32 16
64 8
416 16
28 8
4 16
32 16
32 16
912 4
16 8
32 16
64 8
279
279 1
32 8
64 8
480 4
32 8
1024 2
311
311 4
32 8
32 16
480 8
32 8
416 4
32 8
32 16
32 16
480 8
32 8
375
375 4
448 8
32 16
32 16
928 4
32 16
64 8
855
855 2
32 8
448 2
64 8
512 4
887
887 4
512 8
480 4
32 8
1911
1911 1
