7
7 1
8 2
8 2
8 2
24 2
8 2
24 2
8 2
24 2
8 2
128 2
8 2
8 2
8 2
8 2
24 2
8 2
24 2
8 2
24 2
8 2
128 2
264 2
8 2
8 2
8 2
24 2
8 2
24 2
8 2
24 2
8 2
128 2
3352 2
8 2
24 2
8 2
24 2
8 2
24 2
8 2
128 2
280 2
8 2
24 2
8 2
24 2
8 2
24 2
8 2
128 2
7992 2
8 2
56 2
8 2
128 2
15
15 1
8 2
8 2
24 2
8 2
24 2
8 2
24 2
8 2
128 2
8 2
8 2
8 2
8 2
24 2
8 2
24 2
8 2
24 2
8 2
128 2
264 2
8 2
8 2
8 2
24 2
8 2
24 2
8 2
24 2
8 2
128 2
3352 2
8 2
24 2
8 2
24 2
8 2
24 2
8 2
128 2
280 2
8 2
24 2
8 2
24 2
8 2
24 2
8 2
128 2
7992 2
8 2
56 2
8 2
128 2
23
23 1
8 2
24 2
8 2
24 2
8 2
24 2
8 2
128 2
8 2
8 2
8 2
8 2
24 2
8 2
24 2
8 2
24 2
8 2
128 2
264 2
8 2
8 2
8 2
24 2
8 2
24 2
8 2
24 2
8 2
128 2
3352 2
8 2
24 2
8 2
24 2
8 2
24 2
8 2
128 2
280 2
8 2
24 2
8 2
24 2
8 2
24 2
8 2
128 2
7992 2
8 2
56 2
8 2
128 2
31
31 1
24 2
8 2
24 2
8 2
24 2
8 2
128 2
8 2
8 2
8 2
8 2
24 2
8 2
24 2
8 2
24 2
8 2
128 2
264 2
8 2
8 2
8 2
24 2
8 2
24 2
8 2
24 2
8 2
128 2
3352 2
8 2
24 2
8 2
24 2
8 2
24 2
8 2
128 2
280 2
8 2
24 2
8 2
24 2
8 2
24 2
8 2
128 2
7992 2
8 2
56 2
8 2
128 2
55
55 1
8 2
24 2
8 2
24 2
8 2
128 2
8 2
8 2
8 2
8 2
24 2
8 2
24 2
8 2
24 2
8 2
128 2
264 2
8 2
8 2
8 2
24 2
8 2
24 2
8 2
24 2
8 2
128 2
3352 2
8 2
24 2
8 2
24 2
8 2
24 2
8 2
128 2
280 2
8 2
24 2
8 2
24 2
8 2
24 2
8 2
128 2
7992 2
8 2
56 2
8 2
128 2
63
63 1
24 2
8 2
24 2
8 2
128 2
8 2
8 2
8 2
8 2
24 2
8 2
24 2
8 2
24 2
8 2
128 2
264 2
8 2
8 2
8 2
24 2
8 2
24 2
8 2
24 2
8 2
128 2
3352 2
8 2
24 2
8 2
24 2
8 2
24 2
8 2
128 2
280 2
8 2
24 2
8 2
24 2
8 2
24 2
8 2
128 2
7992 2
8 2
56 2
8 2
128 2
87
87 1
8 2
24 2
8 2
128 2
8 2
8 2
8 2
8 2
24 2
8 2
24 2
8 2
24 2
8 2
128 2
264 2
8 2
8 2
8 2
24 2
8 2
24 2
8 2
24 2
8 2
128 2
3352 2
8 2
24 2
8 2
24 2
8 2
24 2
8 2
128 2
280 2
8 2
24 2
8 2
24 2
8 2
24 2
8 2
128 2
7992 2
8 2
56 2
8 2
128 2
95
95 1
24 2
8 2
128 2
8 2
8 2
8 2
8 2
24 2
8 2
24 2
8 2
24 2
8 2
128 2
264 2
8 2
8 2
8 2
24 2
8 2
24 2
8 2
24 2
8 2
128 2
3352 2
8 2
24 2
8 2
24 2
8 2
24 2
8 2
128 2
280 2
8 2
24 2
8 2
24 2
8 2
24 2
8 2
128 2
7992 2
8 2
56 2
8 2
128 2
119
119 1
8 2
128 2
8 2
8 2
8 2
8 2
24 2
8 2
24 2
8 2
24 2
8 2
128 2
264 2
8 2
8 2
8 2
24 2
8 2
24 2
8 2
24 2
8 2
128 2
3352 2
8 2
24 2
8 2
24 2
8 2
24 2
8 2
128 2
280 2
8 2
24 2
8 2
24 2
8 2
24 2
8 2
128 2
7992 2
8 2
56 2
8 2
128 2
127
127 1
128 2
8 2
8 2
8 2
8 2
24 2
8 2
24 2
8 2
24 2
8 2
128 2
264 2
8 2
8 2
8 2
24 2
8 2
24 2
8 2
24 2
8 2
128 2
3352 2
8 2
24 2
8 2
24 2
8 2
24 2
8 2
128 2
280 2
8 2
24 2
8 2
24 2
8 2
24 2
8 2
128 2
7992 2
8 2
56 2
8 2
128 2
255
255 1
8 2
8 2
8 2
8 2
24 2
8 2
24 2
8 2
24 2
8 2
128 2
264 2
8 2
8 2
8 2
24 2
8 2
24 2
8 2
24 2
8 2
128 2
3352 2
8 2
24 2
8 2
24 2
8 2
24 2
8 2
128 2
280 2
8 2
24 2
8 2
24 2
8 2
24 2
8 2
128 2
7992 2
8 2
56 2
8 2
128 2
263
263 1
8 2
8 2
8 2
24 2
8 2
24 2
8 2
24 2
8 2
128 2
264 2
8 2
8 2
8 2
24 2
8 2
24 2
8 2
24 2
8 2
128 2
3352 2
8 2
24 2
8 2
24 2
8 2
24 2
8 2
128 2
280 2
8 2
24 2
8 2
24 2
8 2
24 2
8 2
128 2
7992 2
8 2
56 2
8 2
128 2
271
271 1
8 2
8 2
24 2
8 2
24 2
8 2
24 2
8 2
128 2
264 2
8 2
8 2
8 2
24 2
8 2
24 2
8 2
24 2
8 2
128 2
3352 2
8 2
24 2
8 2
24 2
8 2
24 2
8 2
128 2
280 2
8 2
24 2
8 2
24 2
8 2
24 2
8 2
128 2
7992 2
8 2
56 2
8 2
128 2
279
279 1
8 2
24 2
8 2
24 2
8 2
24 2
8 2
128 2
264 2
8 2
8 2
8 2
24 2
8 2
24 2
8 2
24 2
8 2
128 2
3352 2
8 2
24 2
8 2
24 2
8 2
24 2
8 2
128 2
280 2
8 2
24 2
8 2
24 2
8 2
24 2
8 2
128 2
7992 2
8 2
56 2
8 2
128 2
287
287 1
24 2
8 2
24 2
8 2
24 2
8 2
128 2
264 2
8 2
8 2
8 2
24 2
8 2
24 2
8 2
24 2
8 2
128 2
3352 2
8 2
24 2
8 2
24 2
8 2
24 2
8 2
128 2
280 2
8 2
24 2
8 2
24 2
8 2
24 2
8 2
128 2
7992 2
8 2
56 2
8 2
128 2
311
311 1
8 2
24 2
8 2
24 2
8 2
128 2
264 2
8 2
8 2
8 2
24 2
8 2
24 2
8 2
24 2
8 2
128 2
3352 2
8 2
24 2
8 2
24 2
8 2
24 2
8 2
128 2
280 2
8 2
24 2
8 2
24 2
8 2
24 2
8 2
128 2
7992 2
8 2
56 2
8 2
128 2
319
319 1
24 2
8 2
24 2
8 2
128 2
264 2
8 2
8 2
8 2
24 2
8 2
24 2
8 2
24 2
8 2
128 2
3352 2
8 2
24 2
8 2
24 2
8 2
24 2
8 2
128 2
280 2
8 2
24 2
8 2
24 2
8 2
24 2
8 2
128 2
7992 2
8 2
56 2
8 2
128 2
343
343 1
8 2
24 2
8 2
128 2
264 2
8 2
8 2
8 2
24 2
8 2
24 2
8 2
24 2
8 2
128 2
3352 2
8 2
24 2
8 2
24 2
8 2
24 2
8 2
128 2
280 2
8 2
24 2
8 2
24 2
8 2
24 2
8 2
128 2
7992 2
8 2
56 2
8 2
128 2
351
351 1
24 2
8 2
128 2
264 2
8 2
8 2
8 2
24 2
8 2
24 2
8 2
24 2
8 2
128 2
3352 2
8 2
24 2
8 2
24 2
8 2
24 2
8 2
128 2
280 2
8 2
24 2
8 2
24 2
8 2
24 2
8 2
128 2
7992 2
8 2
56 2
8 2
128 2
375
375 1
8 2
128 2
264 2
8 2
8 2
8 2
24 2
8 2
24 2
8 2
24 2
8 2
128 2
3352 2
8 2
24 2
8 2
24 2
8 2
24 2
8 2
128 2
280 2
8 2
24 2
8 2
24 2
8 2
24 2
8 2
128 2
7992 2
8 2
56 2
8 2
128 2
383
383 1
128 2
264 2
8 2
8 2
8 2
24 2
8 2
24 2
8 2
24 2
8 2
128 2
3352 2
8 2
24 2
8 2
24 2
8 2
24 2
8 2
128 2
280 2
8 2
24 2
8 2
24 2
8 2
24 2
8 2
128 2
7992 2
8 2
56 2
8 2
128 2
511
511 1
264 2
8 2
8 2
8 2
24 2
8 2
24 2
8 2
24 2
8 2
128 2
3352 2
8 2
24 2
8 2
24 2
8 2
24 2
8 2
128 2
280 2
8 2
24 2
8 2
24 2
8 2
24 2
8 2
128 2
7992 2
8 2
56 2
8 2
128 2
775
775 1
8 2
8 2
8 2
24 2
8 2
24 2
8 2
24 2
8 2
128 2
3352 2
8 2
24 2
8 2
24 2
8 2
24 2
8 2
128 2
280 2
8 2
24 2
8 2
24 2
8 2
24 2
8 2
128 2
7992 2
8 2
56 2
8 2
128 2
783
783 1
8 2
8 2
24 2
8 2
24 2
8 2
24 2
8 2
128 2
3352 2
8 2
24 2
8 2
24 2
8 2
24 2
8 2
128 2
280 2
8 2
24 2
8 2
24 2
8 2
24 2
8 2
128 2
7992 2
8 2
56 2
8 2
128 2
791
791 1
8 2
24 2
8 2
24 2
8 2
24 2
8 2
128 2
3352 2
8 2
24 2
8 2
24 2
8 2
24 2
8 2
128 2
280 2
8 2
24 2
8 2
24 2
8 2
24 2
8 2
128 2
7992 2
8 2
56 2
8 2
128 2
799
799 1
24 2
8 2
24 2
8 2
24 2
8 2
128 2
3352 2
8 2
24 2
8 2
24 2
8 2
24 2
8 2
128 2
280 2
8 2
24 2
8 2
24 2
8 2
24 2
8 2
128 2
7992 2
8 2
56 2
8 2
128 2
823
823 1
8 2
24 2
8 2
24 2
8 2
128 2
3352 2
8 2
24 2
8 2
24 2
8 2
24 2
8 2
128 2
280 2
8 2
24 2
8 2
24 2
8 2
24 2
8 2
128 2
7992 2
8 2
56 2
8 2
128 2
831
831 1
24 2
8 2
24 2
8 2
128 2
3352 2
8 2
24 2
8 2
24 2
8 2
24 2
8 2
128 2
280 2
8 2
24 2
8 2
24 2
8 2
24 2
8 2
128 2
7992 2
8 2
56 2
8 2
128 2
855
855 1
8 2
24 2
8 2
128 2
3352 2
8 2
24 2
8 2
24 2
8 2
24 2
8 2
128 2
280 2
8 2
24 2
8 2
24 2
8 2
24 2
8 2
128 2
7992 2
8 2
56 2
8 2
128 2
863
863 1
24 2
8 2
128 2
3352 2
8 2
24 2
8 2
24 2
8 2
24 2
8 2
128 2
280 2
8 2
24 2
8 2
24 2
8 2
24 2
8 2
128 2
7992 2
8 2
56 2
8 2
128 2
887
887 1
8 2
128 2
3352 2
8 2
24 2
8 2
24 2
8 2
24 2
8 2
128 2
280 2
8 2
24 2
8 2
24 2
8 2
24 2
8 2
128 2
7992 2
8 2
56 2
8 2
128 2
895
895 1
128 2
3352 2
8 2
24 2
8 2
24 2
8 2
24 2
8 2
128 2
280 2
8 2
24 2
8 2
24 2
8 2
24 2
8 2
128 2
7992 2
8 2
56 2
8 2
128 2
1023
1023 1
3352 2
8 2
24 2
8 2
24 2
8 2
24 2
8 2
128 2
280 2
8 2
24 2
8 2
24 2
8 2
24 2
8 2
128 2
7992 2
8 2
56 2
8 2
128 2
4375
4375 1
8 2
24 2
8 2
24 2
8 2
24 2
8 2
128 2
280 2
8 2
24 2
8 2
24 2
8 2
24 2
8 2
128 2
7992 2
8 2
56 2
8 2
128 2
4383
4383 1
24 2
8 2
24 2
8 2
24 2
8 2
128 2
280 2
8 2
24 2
8 2
24 2
8 2
24 2
8 2
128 2
7992 2
8 2
56 2
8 2
128 2
4407
4407 1
8 2
24 2
8 2
24 2
8 2
128 2
280 2
8 2
24 2
8 2
24 2
8 2
24 2
8 2
128 2
7992 2
8 2
56 2
8 2
128 2
4415
4415 1
24 2
8 2
24 2
8 2
128 2
280 2
8 2
24 2
8 2
24 2
8 2
24 2
8 2
128 2
7992 2
8 2
56 2
8 2
128 2
4439
4439 1
8 2
24 2
8 2
128 2
280 2
8 2
24 2
8 2
24 2
8 2
24 2
8 2
128 2
7992 2
8 2
56 2
8 2
128 2
4447
4447 1
24 2
8 2
128 2
280 2
8 2
24 2
8 2
24 2
8 2
24 2
8 2
128 2
7992 2
8 2
56 2
8 2
128 2
4471
4471 1
8 2
128 2
280 2
8 2
24 2
8 2
24 2
8 2
24 2
8 2
128 2
7992 2
8 2
56 2
8 2
128 2
4479
4479 1
128 2
280 2
8 2
24 2
8 2
24 2
8 2
24 2
8 2
128 2
7992 2
8 2
56 2
8 2
128 2
4607
4607 1
280 2
8 2
24 2
8 2
24 2
8 2
24 2
8 2
128 2
7992 2
8 2
56 2
8 2
128 2
4887
4887 1
8 2
24 2
8 2
24 2
8 2
24 2
8 2
128 2
7992 2
8 2
56 2
8 2
128 2
4895
4895 1
24 2
8 2
24 2
8 2
24 2
8 2
128 2
7992 2
8 2
56 2
8 2
128 2
4919
4919 1
8 2
24 2
8 2
24 2
8 2
128 2
7992 2
8 2
56 2
8 2
128 2
4927
4927 1
24 2
8 2
24 2
8 2
128 2
7992 2
8 2
56 2
8 2
128 2
4951
4951 1
8 2
24 2
8 2
128 2
7992 2
8 2
56 2
8 2
128 2
4959
4959 1
24 2
8 2
128 2
7992 2
8 2
56 2
8 2
128 2
4983
4983 1
8 2
128 2
7992 2
8 2
56 2
8 2
128 2
4991
4991 1
128 2
7992 2
8 2
56 2
8 2
128 2
5119
5119 1
7992 2
8 2
56 2
8 2
128 2
13111
13111 1
8 2
56 2
8 2
128 2
13119
13119 1
56 2
8 2
128 2
13175
13175 1
8 2
128 2
13183
13183 1
128 2
13311
13311 1
