3
3 1
4 2
8 2
4 4
4 4
8 4
56 4
8 4
180 2
4 2
8 2
56 4
8 4
1016 2
8 2
2996 2
4 2
8 2
56 4
8 4
1016 2
8 2
16376 2
8 2
7
7 1
8 2
4 4
4 4
8 4
56 4
8 4
180 2
4 2
8 2
56 4
8 4
1016 2
8 2
2996 2
4 2
8 2
56 4
8 4
1016 2
8 2
16376 2
8 2
15
15 1
4 4
4 4
8 4
56 4
8 4
180 2
4 2
8 2
56 4
8 4
1016 2
8 2
2996 2
4 2
8 2
56 4
8 4
1016 2
8 2
16376 2
8 2
19
19 2
4 4
8 4
56 4
8 4
164 2
4 4
8 4
4 4
4 4
8 4
56 4
8 4
936 4
8 4
8 4
8 4
56 4
8 4
2996 4
4 4
8 4
56 4
8 4
952 4
8 4
56 4
8 4
16376 4
8 4
23
23 2
8 4
56 4
8 4
168 2
8 4
4 4
4 4
8 4
56 4
8 4
936 4
8 4
8 4
8 4
56 4
8 4
2996 4
4 4
8 4
56 4
8 4
952 4
8 4
56 4
8 4
16376 4
8 4
31
31 2
56 4
8 4
176 2
4 4
4 4
8 4
56 4
8 4
936 4
8 4
8 4
8 4
56 4
8 4
2996 4
4 4
8 4
56 4
8 4
952 4
8 4
56 4
8 4
16376 4
8 4
87
87 2
8 4
180 4
4 4
8 4
56 4
8 4
936 2
8 4
8 4
8 4
56 4
8 4
2996 4
4 4
8 4
56 4
8 4
952 4
8 4
56 4
8 4
16376 4
8 4
95
95 2
180 4
4 4
8 4
56 4
8 4
944 2
8 4
8 4
56 4
8 4
2996 4
4 4
8 4
56 4
8 4
952 4
8 4
56 4
8 4
16376 4
8 4
275
275 1
4 2
8 2
56 4
8 4
1016 2
8 2
2996 2
4 2
8 2
56 4
8 4
1016 2
8 2
16376 2
8 2
279
279 1
8 2
56 4
8 4
1016 2
8 2
2996 2
4 2
8 2
56 4
8 4
1016 2
8 2
16376 2
8 2
287
287 1
56 4
8 4
1016 2
8 2
2996 2
4 2
8 2
56 4
8 4
1016 2
8 2
16376 2
8 2
343
343 2
8 4
952 2
8 4
56 4
8 4
2996 4
4 4
8 4
56 4
8 4
952 4
8 4
56 4
8 4
16376 4
8 4
351
351 2
960 2
56 4
8 4
2996 4
4 4
8 4
56 4
8 4
952 4
8 4
56 4
8 4
16376 4
8 4
1367
1367 1
8 2
2996 2
4 2
8 2
56 4
8 4
1016 2
8 2
16376 2
8 2
1375
1375 1
2996 2
4 2
8 2
56 4
8 4
1016 2
8 2
16376 2
8 2
4371
4371 1
4 2
8 2
56 4
8 4
1016 2
8 2
16376 2
8 2
4375
4375 1
8 2
56 4
8 4
1016 2
8 2
16376 2
8 2
4383
4383 1
56 4
8 4
1016 2
8 2
16376 2
8 2
4439
4439 2
8 4
952 2
8 4
56 4
8 4
16376 4
8 4
4447
4447 2
960 2
56 4
8 4
16376 4
8 4
5463
5463 1
8 2
16376 2
8 2
5471
5471 1
16376 2
8 2
21847
21847 1
8 2
21855
21855 1
