15
15 2
16 4
32 4
32 4
32 4
128 4
16 4
16 4
32 4
32 4
32 4
128 4
272 4
16 4
32 4
32 4
32 4
128 4
3360 4
32 4
32 4
32 4
128 4
288 4
32 4
32 4
32 4
128 4
8000 4
64 4
128 2
31
31 2
32 4
32 4
32 4
128 4
16 4
16 4
32 4
32 4
32 4
128 4
272 4
16 4
32 4
32 4
32 4
128 4
3360 4
32 4
32 4
32 4
128 4
288 4
32 4
32 4
32 4
128 2
8000 4
64 4
63
63 2
32 4
32 4
128 4
16 4
16 4
32 4
32 4
32 4
128 4
272 4
16 4
32 4
32 4
32 4
128 2
3360 4
32 4
32 4
32 4
128 4
288 4
32 4
32 4
32 4
8128 4
64 4
95
95 2
32 4
128 4
16 4
16 4
32 4
32 4
32 4
128 4
272 4
16 4
32 4
32 4
32 4
3488 4
32 4
32 4
32 4
128 2
288 4
32 4
32 4
32 4
8128 4
64 4
127
127 2
128 4
16 4
16 4
32 4
32 4
32 4
128 2
272 4
16 4
32 4
32 4
32 4
3488 4
32 4
32 4
32 4
416 4
32 4
32 4
32 4
8128 4
64 4
255
255 1
16 4
16 4
32 4
32 4
32 2
400 4
16 4
32 2
32 4
3520 4
64 2
448 2
271
271 2
16 4
32 4
32 4
32 4
400 4
16 4
32 4
32 4
32 4
3488 4
32 4
32 4
32 4
416 4
32 4
32 4
32 4
8128 4
64 2
287
287 2
32 4
32 4
32 4
400 4
16 4
32 4
32 4
32 4
3488 4
32 4
32 4
32 4
416 4
32 4
32 4
32 2
8128 4
319
319 2
32 4
32 4
400 4
16 4
32 4
32 4
32 2
3488 4
32 4
32 4
32 4
416 4
32 4
32 4
8160 4
351
351 2
32 4
400 4
16 4
32 4
32 4
3520 4
32 4
32 4
32 2
416 4
32 4
32 4
8160 4
383
383 1
400 4
16 4
32 2
32 4
3520 4
64 2
448 2
783
783 2
16 4
32 4
32 4
3520 4
32 4
32 4
448 4
32 4
32 4
8160 2
799
799 2
32 4
32 4
3520 4
32 4
32 4
448 4
32 2
32 4
831
831 1
32 4
3520 4
64 2
448 2
863
863 2
3520 4
32 2
32 4
448 4
64 4
4383
4383 2
64 4
448 4
64 2
4447
4447 1
448 2
4895
4895 1
