23
23 2
8 4
24 4
8 4
216 4
8 4
24 4
8 4
472 8
8 8
24 8
8 8
984 4
8 4
24 4
8 4
2016 4
32 4
472 4
8 4
24 4
8 4
472 8
8 8
24 8
8 8
984 4
8 4
24 4
8 4
2016 4
32 2
31
31 2
24 4
8 4
216 4
8 4
24 4
8 4
472 8
8 8
24 8
8 8
984 4
8 4
24 4
8 4
2016 4
32 2
472 4
8 4
24 4
8 4
472 8
8 8
24 8
8 8
984 4
8 4
24 4
8 4
2016 4
55
55 2
8 4
216 4
8 4
24 4
8 4
472 8
8 8
24 8
8 8
984 4
8 4
24 4
8 4
2016 4
504 4
8 4
24 4
8 4
472 8
8 8
24 8
8 8
984 4
8 4
24 4
8 4
2016 2
63
63 2
216 4
8 4
24 4
8 4
472 8
8 8
24 8
8 8
984 4
8 4
24 4
8 4
2016 2
504 4
8 4
24 4
8 4
472 8
8 8
24 8
8 8
984 4
8 4
24 4
8 4
279
279 2
8 4
24 4
8 4
472 8
8 8
24 8
8 8
984 4
8 4
24 4
8 4
2520 4
8 4
24 4
8 4
472 8
8 8
24 8
8 8
984 4
8 4
24 4
8 2
287
287 2
24 4
8 4
472 8
8 8
24 8
8 8
984 4
8 4
24 4
8 2
2520 4
8 4
24 4
8 4
472 8
8 8
24 8
8 8
984 4
8 4
24 4
311
311 2
8 4
472 8
8 8
24 8
8 8
984 4
8 4
24 4
2528 4
8 4
24 4
8 4
472 8
8 8
24 8
8 8
984 4
8 2
24 4
319
319 2
472 8
8 8
24 8
8 8
984 4
8 2
24 4
2528 4
8 4
24 4
8 4
472 8
8 8
24 8
8 8
984 4
32 4
791
791 4
8 8
24 8
8 8
472 4
8 8
24 8
8 8
472 8
32 8
2528 8
8 8
24 8
8 8
472 8
8 8
24 8
8 4
472 8
8 8
24 8
8 4
472 8
32 8
799
799 4
24 8
8 4
480 4
24 8
8 4
472 8
32 8
2528 8
8 8
24 8
8 8
472 8
8 8
24 8
480 8
8 8
24 8
480 8
32 8
823
823 4
512 4
480 8
32 8
2528 8
8 8
24 8
8 8
472 8
8 4
24 8
480 8
8 4
24 8
480 8
32 8
1815
1815 2
32 4
2528 4
8 4
24 4
8 2
472 8
32 8
992 4
32 4
1847
1847 2
2528 4
8 2
24 4
480 8
32 8
992 4
32 4
4375
4375 2
32 4
480 8
32 8
992 4
32 2
4407
4407 2
480 8
32 8
992 2
4887
4887 4
32 4
480 4
32 4
