0
0 1
1 2
2 6
4 6
8 6
8 2
8 6
32 6
64 2
128 2
2 2
2 6
4 6
8 6
8 2
8 6
32 6
64 2
128 2
1
1 1
2 6
4 6
8 6
8 2
8 6
32 6
64 2
128 2
2 2
2 6
4 6
8 6
8 2
8 6
32 6
64 2
128 2
3
3 3
2 6
2 12
8 12
6 6
2 6
8 12
32 6
22 6
2 6
8 12
32 6
128 6
2 6
2 6
2 12
2 12
8 12
6 6
2 6
8 12
32 6
22 6
2 6
8 12
32 6
128 6
7
7 3
8 6
4 6
4 6
8 6
20 12
4 12
8 12
56 6
8 6
128 6
2 6
2 12
4 6
8 6
2 6
2 12
4 6
8 6
20 12
4 12
8 12
56 6
8 6
128 6
15
15 3
8 6
8 6
20 6
4 12
8 12
56 6
8 6
128 6
2 6
2 12
4 6
8 6
2 6
2 12
4 6
8 6
20 12
4 12
8 12
56 6
8 6
128 6
23
23 1
8 6
32 6
64 2
128 2
2 2
2 6
4 6
8 6
8 2
8 6
32 6
64 2
128 2
31
31 3
24 6
8 12
56 6
8 6
128 6
2 6
2 12
4 6
8 6
2 6
2 12
4 6
8 6
20 12
4 12
8 12
56 6
8 6
128 6
63
63 3
32 6
32 6
128 6
2 6
2 6
2 12
2 12
8 12
6 6
2 6
8 12
32 6
22 6
2 6
8 12
32 6
128 6
127
127 1
128 2
2 2
2 6
4 6
8 6
8 2
8 6
32 6
64 2
128 2
255
255 1
2 2
2 6
4 6
8 6
8 2
8 6
32 6
64 2
128 2
257
257 1
2 6
4 6
8 6
8 2
8 6
32 6
64 2
128 2
259
259 3
2 6
2 12
8 12
6 6
2 6
8 12
32 6
22 6
2 6
8 12
32 6
128 6
263
263 3
8 6
4 6
4 6
8 6
20 12
4 12
8 12
56 6
8 6
128 6
271
271 3
8 6
8 6
20 6
4 12
8 12
56 6
8 6
128 6
279
279 1
8 6
32 6
64 2
128 2
287
287 3
24 6
8 12
56 6
8 6
128 6
319
319 3
32 6
32 6
128 6
383
383 1
128 2
511
511 1
