31
31 2
32 8
64 4
128 4
32 4
32 8
64 4
128 4
288 8
32 16
64 8
128 8
800 4
32 8
64 4
128 2
63
63 4
32 4
32 8
128 8
32 8
32 8
32 8
32 8
128 8
288 16
32 16
32 16
32 16
128 8
800 8
32 8
32 8
32 8
127
127 2
128 4
32 4
32 8
64 4
128 2
288 8
32 16
64 8
928 4
32 8
64 4
255
255 1
32 4
32 8
64 2
416 8
32 8
992 2
287
287 2
32 8
64 4
416 8
32 16
64 8
928 4
32 8
64 2
319
319 4
32 4
32 8
416 16
32 16
32 16
32 8
928 8
32 8
32 8
383
383 1
416 8
32 8
992 2
799
799 4
32 16
480 4
32 16
480 8
32 8
831
831 4
32 8
512 4
448 8
1823
1823 1
