3
3 1
4 4
8 4
8 2
8 4
32 2
24 2
8 4
32 2
132 2
4 4
8 4
8 2
8 4
32 2
24 2
8 4
32 2
904 4
8 4
8 4
8 4
24 4
8 4
24 4
8 4
24 4
8 4
3992 2
8 4
32 2
24 2
8 4
32 2
7
7 2
8 4
4 2
4 4
8 4
20 4
4 4
8 4
24 4
8 4
24 4
8 4
132 4
4 4
8 4
4 4
4 4
8 4
20 4
4 4
8 4
24 4
8 4
24 4
8 4
904 4
8 4
8 4
8 4
24 4
8 4
24 4
8 4
24 4
8 4
2964 4
4 4
8 4
20 4
4 4
8 4
24 4
8 4
24 4
8 4
920 4
8 4
24 4
8 4
24 4
8 4
24 4
8 4
15
15 2
8 4
8 4
20 2
4 4
8 4
24 4
8 4
24 4
8 4
132 4
4 4
8 4
4 4
4 4
8 4
20 4
4 4
8 4
24 4
8 4
24 4
8 4
904 4
8 4
8 4
8 4
24 4
8 4
24 4
8 4
24 4
8 4
2964 4
4 4
8 4
20 4
4 4
8 4
24 4
8 4
24 4
8 4
920 4
8 4
24 4
8 4
24 4
8 4
24 4
8 4
23
23 1
8 4
32 2
24 2
8 4
32 2
132 2
4 4
8 4
8 2
8 4
32 2
24 2
8 4
32 2
904 4
8 4
8 4
8 4
24 4
8 4
24 4
8 4
24 4
8 4
3992 2
8 4
32 2
24 2
8 4
32 2
31
31 2
24 2
8 4
24 4
8 4
24 4
8 4
132 4
4 4
8 4
4 4
4 4
8 4
20 4
4 4
8 4
24 4
8 4
24 4
8 4
904 4
8 4
8 4
8 4
24 4
8 4
24 4
8 4
24 4
8 4
2964 4
4 4
8 4
20 4
4 4
8 4
24 4
8 4
24 4
8 4
920 4
8 4
24 4
8 4
24 4
8 4
24 4
8 4
63
63 1
24 2
8 4
32 2
132 2
4 4
8 4
8 2
8 4
32 2
24 2
8 4
32 2
904 4
8 4
8 4
8 4
24 4
8 4
24 4
8 4
24 4
8 4
3992 2
8 4
32 2
24 2
8 4
32 2
87
87 1
8 4
32 2
132 2
4 4
8 4
8 2
8 4
32 2
24 2
8 4
32 2
904 4
8 4
8 4
8 4
24 4
8 4
24 4
8 4
24 4
8 4
3992 2
8 4
32 2
24 2
8 4
32 2
95
95 2
24 2
8 4
132 4
4 4
8 4
4 4
4 4
8 4
20 4
4 4
8 4
24 4
8 4
24 4
8 4
904 4
8 4
8 4
8 4
24 4
8 4
24 4
8 4
24 4
8 4
2964 4
4 4
8 4
20 4
4 4
8 4
24 4
8 4
24 4
8 4
920 4
8 4
24 4
8 4
24 4
8 4
24 4
8 4
127
127 1
132 2
4 4
8 4
8 2
8 4
32 2
24 2
8 4
32 2
904 4
8 4
8 4
8 4
24 4
8 4
24 4
8 4
24 4
8 4
3992 2
8 4
32 2
24 2
8 4
32 2
259
259 1
4 4
8 4
8 2
8 4
32 2
24 2
8 4
32 2
904 4
8 4
8 4
8 4
24 4
8 4
24 4
8 4
24 4
8 4
3992 2
8 4
32 2
24 2
8 4
32 2
263
263 2
8 4
4 2
4 4
8 4
20 4
4 4
8 4
24 4
8 4
24 4
8 4
904 4
8 4
8 4
8 4
24 4
8 4
24 4
8 4
24 4
8 4
2964 4
4 4
8 4
20 4
4 4
8 4
24 4
8 4
24 4
8 4
920 4
8 4
24 4
8 4
24 4
8 4
24 4
8 4
271
271 2
8 4
8 4
20 2
4 4
8 4
24 4
8 4
24 4
8 4
904 4
8 4
8 4
8 4
24 4
8 4
24 4
8 4
24 4
8 4
2964 4
4 4
8 4
20 4
4 4
8 4
24 4
8 4
24 4
8 4
920 4
8 4
24 4
8 4
24 4
8 4
24 4
8 4
279
279 1
8 4
32 2
24 2
8 4
32 2
904 4
8 4
8 4
8 4
24 4
8 4
24 4
8 4
24 4
8 4
3992 2
8 4
32 2
24 2
8 4
32 2
287
287 2
24 2
8 4
24 4
8 4
24 4
8 4
904 4
8 4
8 4
8 4
24 4
8 4
24 4
8 4
24 4
8 4
2964 4
4 4
8 4
20 4
4 4
8 4
24 4
8 4
24 4
8 4
920 4
8 4
24 4
8 4
24 4
8 4
24 4
8 4
319
319 1
24 2
8 4
32 2
904 4
8 4
8 4
8 4
24 4
8 4
24 4
8 4
24 4
8 4
3992 2
8 4
32 2
24 2
8 4
32 2
343
343 1
8 4
32 2
904 4
8 4
8 4
8 4
24 4
8 4
24 4
8 4
24 4
8 4
3992 2
8 4
32 2
24 2
8 4
32 2
351
351 2
24 2
8 4
904 4
8 4
8 4
8 4
24 4
8 4
24 4
8 4
24 4
8 4
2964 4
4 4
8 4
20 4
4 4
8 4
24 4
8 4
24 4
8 4
920 4
8 4
24 4
8 4
24 4
8 4
24 4
8 4
383
383 1
904 4
8 4
8 4
8 4
24 4
8 4
24 4
8 4
24 4
8 4
3992 2
8 4
32 2
24 2
8 4
32 2
1287
1287 2
8 4
8 4
8 4
24 4
8 4
24 4
8 4
24 4
8 4
2964 2
4 4
8 4
20 4
4 4
8 4
24 4
8 4
24 4
8 4
920 4
8 4
24 4
8 4
24 4
8 4
24 4
8 4
1295
1295 2
8 4
8 4
24 4
8 4
24 4
8 4
24 4
8 4
2968 4
8 4
20 2
4 4
8 4
24 4
8 4
24 4
8 4
920 4
8 4
24 4
8 4
24 4
8 4
24 4
8 4
1303
1303 2
8 4
24 4
8 4
24 4
8 4
24 4
8 4
2968 2
8 4
24 4
8 4
24 4
8 4
24 4
8 4
920 4
8 4
24 4
8 4
24 4
8 4
24 4
8 4
1311
1311 2
24 4
8 4
24 4
8 4
24 4
8 4
2976 4
24 2
8 4
24 4
8 4
24 4
8 4
920 4
8 4
24 4
8 4
24 4
8 4
24 4
8 4
1335
1335 2
8 4
24 4
8 4
24 4
8 4
2976 2
32 4
24 4
8 4
24 4
8 4
920 4
8 4
24 4
8 4
24 4
8 4
24 4
8 4
1343
1343 2
24 4
8 4
24 4
8 4
3008 2
24 4
8 4
24 4
8 4
920 4
8 4
24 4
8 4
24 4
8 4
24 4
8 4
1367
1367 2
8 4
24 4
8 4
3032 2
8 4
24 4
8 4
920 4
8 4
24 4
8 4
24 4
8 4
24 4
8 4
1375
1375 2
24 4
8 4
3040 4
24 2
8 4
920 4
8 4
24 4
8 4
24 4
8 4
24 4
8 4
1399
1399 2
8 4
3040 2
32 4
920 4
8 4
24 4
8 4
24 4
8 4
24 4
8 4
1407
1407 2
3072 2
920 4
8 4
24 4
8 4
24 4
8 4
24 4
8 4
5399
5399 1
8 4
32 2
24 2
8 4
32 2
5407
5407 2
24 2
8 4
24 4
8 4
24 4
8 4
5439
5439 1
24 2
8 4
32 2
5463
5463 1
8 4
32 2
5471
5471 2
24 2
8 4
5503
5503 1
