7
7 2
8 4
8 8
8 8
24 16
8 16
56 8
8 8
152 4
8 4
24 16
8 16
56 8
8 8
440 8
8 8
24 8
8 8
24 16
8 16
1016 4
8 4
2456 4
8 4
24 16
8 16
56 8
8 8
440 8
8 8
24 8
8 8
24 16
8 16
1016 4
8 4
7096 8
8 8
56 16
8 16
1016 8
8 8
16376 4
8 2
15
15 2
8 8
8 8
24 16
8 16
56 8
8 8
152 4
8 4
24 16
8 16
56 8
8 8
440 8
8 8
24 8
8 8
24 16
8 16
1016 4
8 4
2456 4
8 4
24 16
8 16
56 8
8 8
440 8
8 8
24 8
8 8
24 16
8 16
1016 4
8 4
7096 8
8 8
56 16
8 16
1016 8
8 8
16376 2
23
23 4
8 8
24 16
8 16
56 8
8 8
136 4
8 8
8 8
8 8
24 16
8 16
56 8
8 8
392 16
8 16
8 16
8 16
24 16
8 16
24 16
8 16
24 16
8 16
904 8
8 8
8 8
8 8
24 16
8 16
56 8
8 8
2456 8
8 8
24 16
8 16
56 8
8 8
408 16
8 16
24 16
8 16
24 16
8 16
24 16
8 16
920 8
8 8
24 16
8 16
56 8
8 8
7096 16
8 16
56 16
8 16
952 16
8 16
56 16
8 8
31
31 4
24 16
8 16
56 8
8 8
144 4
8 8
8 8
24 16
8 16
56 8
8 8
392 16
8 16
8 16
8 16
24 16
8 16
24 16
8 16
24 16
8 16
904 8
8 8
8 8
8 8
24 16
8 16
56 8
8 8
2456 8
8 8
24 16
8 16
56 8
8 8
408 16
8 16
24 16
8 16
24 16
8 16
24 16
8 16
920 8
8 8
24 16
8 16
56 8
8 8
7096 16
8 16
56 16
8 16
952 16
8 16
56 8
55
55 8
8 16
24 8
8 16
24 16
8 16
152 16
8 16
24 16
8 16
24 16
8 16
24 16
8 16
392 8
8 16
8 16
8 16
24 16
8 16
24 16
8 16
24 16
8 16
392 8
8 16
8 16
8 16
24 16
8 16
24 16
8 16
24 16
8 16
392 16
8 16
8 16
8 16
24 16
8 16
24 16
8 16
24 16
8 16
2456 16
8 16
24 16
8 16
24 16
8 16
24 16
8 16
408 16
8 16
24 16
8 16
24 16
8 16
24 16
8 16
408 16
8 16
24 16
8 16
24 16
8 16
24 16
8 16
408 16
8 16
24 16
8 16
24 16
8 16
24 16
8 16
7096 16
8 16
56 16
8 8
952 16
8 16
7704 16
8 16
24 16
480 16
8 8
63
63 8
32 8
24 16
8 16
152 16
8 16
24 16
8 16
24 16
8 16
24 16
8 16
400 8
8 16
8 16
24 16
8 16
24 16
8 16
24 16
8 16
400 8
8 16
8 16
24 16
8 16
24 16
8 16
24 16
8 16
392 16
8 16
8 16
8 16
24 16
8 16
24 16
8 16
24 16
8 16
2456 16
8 16
24 16
8 16
24 16
8 16
24 16
8 16
408 16
8 16
24 16
8 16
24 16
8 16
24 16
8 16
408 16
8 16
24 16
8 16
24 16
8 16
24 16
8 16
408 16
8 16
24 16
8 16
24 16
8 16
24 16
8 16
7096 16
8 16
56 8
960 16
7712 16
8 16
504 8
119
119 4
8 8
152 8
8 8
24 16
8 16
56 8
8 8
408 16
8 16
24 16
8 16
24 16
8 16
24 16
8 16
904 4
8 8
8 8
8 8
24 16
8 16
56 8
8 8
2456 8
8 8
24 16
8 16
56 8
8 8
408 16
8 16
24 16
8 16
24 16
8 16
24 16
8 16
920 8
8 8
24 16
8 16
56 8
8 8
7096 16
8 8
127
127 4
152 8
8 8
24 16
8 16
56 8
8 8
408 16
8 16
24 16
8 16
24 16
8 16
24 16
8 16
912 4
8 8
8 8
24 16
8 16
56 8
8 8
2456 8
8 8
24 16
8 16
56 8
8 8
408 16
8 16
24 16
8 16
24 16
8 16
24 16
8 16
920 8
8 8
24 16
8 16
56 8
8 8
7096 8
279
279 2
8 4
24 16
8 16
56 8
8 8
440 8
8 8
24 8
8 8
24 16
8 16
1016 4
8 4
2456 4
8 4
24 16
8 16
56 8
8 8
440 8
8 8
24 8
8 8
24 16
8 16
1016 4
8 2
287
287 2
24 16
8 16
56 8
8 8
440 8
8 8
24 8
8 8
24 16
8 16
1016 4
8 4
2456 4
8 4
24 16
8 16
56 8
8 8
440 8
8 8
24 8
8 8
24 16
8 16
1016 2
311
311 8
8 16
24 8
8 16
24 16
8 16
408 8
8 16
24 16
8 16
24 16
8 16
24 16
8 16
408 8
8 16
24 16
8 16
24 16
8 16
24 16
8 16
408 16
8 16
24 16
8 16
24 16
8 16
24 16
8 16
2456 16
8 16
24 16
8 16
24 16
8 16
24 16
8 16
408 16
8 16
24 16
8 16
24 16
8 16
24 16
8 8
408 16
8 16
24 16
8 16
24 16
8 16
24 16
8 16
408 16
8 16
24 16
32 16
8 8
319
319 8
32 8
24 16
8 16
416 8
24 16
8 16
24 16
8 16
24 16
8 16
416 8
24 16
8 16
24 16
8 16
24 16
8 16
408 16
8 16
24 16
8 16
24 16
8 16
24 16
8 16
2456 16
8 16
24 16
8 16
24 16
8 16
24 16
8 16
408 16
8 16
24 16
8 16
24 16
8 16
24 8
416 16
8 16
24 16
8 16
24 16
8 16
24 16
416 16
8 16
56 8
375
375 4
8 8
440 16
8 16
24 16
8 16
24 16
8 16
920 4
8 8
24 16
8 16
56 8
8 8
2456 8
8 8
24 16
8 16
56 8
8 8
408 16
8 16
24 16
8 8
24 16
8 16
952 8
8 8
383
383 4
440 16
8 16
24 16
8 16
24 16
8 16
928 4
24 16
8 16
56 8
8 8
2456 8
8 8
24 16
8 16
56 8
8 8
408 16
8 16
24 8
32 16
8 16
952 8
8 8
823
823 4
8 8
24 16
8 16
24 16
8 16
472 4
8 8
24 16
8 16
504 8
8 8
2456 8
8 8
24 16
8 16
24 16
8 16
24 16
8 8
472 16
8 16
831
831 4
24 16
8 16
24 16
8 16
480 4
24 16
8 16
504 8
8 8
2456 8
8 8
24 16
8 16
24 16
8 16
24 8
480 16
8 16
855
855 4
8 8
24 16
8 16
440 4
8 8
56 16
8 16
504 8
8 8
2456 8
8 8
24 16
8 16
24 16
8 16
504 8
8 4
472 8
8 4
863
863 4
24 16
8 16
448 4
56 16
8 16
504 8
8 8
2456 8
8 8
24 16
8 16
24 16
8 16
504 4
480 4
887
887 8
8 16
504 8
8 16
440 8
8 16
24 8
8 16
24 16
8 16
2456 16
8 16
24 16
8 8
24 16
8 16
440 16
512 16
8 8
895
895 8
512 8
448 8
32 8
24 16
8 16
2456 16
8 16
24 8
32 16
960 8
1911
1911 2
8 4
2456 4
8 2
1919
1919 2
2456 2
