23
23 2
8 4
24 8
8 8
56 4
8 4
152 4
8 4
24 8
8 8
56 4
8 4
408 8
8 8
24 16
8 16
56 8
8 8
920 4
8 4
24 8
8 8
56 4
8 4
1952 4
32 8
64 4
408 4
8 4
24 8
8 8
56 4
8 4
408 8
8 8
24 16
8 16
56 8
8 8
920 4
8 4
24 8
8 8
56 4
8 4
1952 4
32 8
64 2
31
31 2
24 8
8 8
56 4
8 4
152 4
8 4
24 8
8 8
56 4
8 4
408 8
8 8
24 16
8 16
56 8
8 8
920 4
8 4
24 8
8 8
56 4
8 4
1952 4
32 8
64 2
408 4
8 4
24 8
8 8
56 4
8 4
408 8
8 8
24 16
8 16
56 8
8 8
920 4
8 4
24 8
8 8
56 4
8 4
1952 4
32 8
55
55 4
8 8
24 4
8 8
24 8
8 8
152 8
8 8
24 8
8 8
24 8
8 8
24 8
8 8
408 16
8 16
24 16
8 16
24 16
8 16
24 16
8 16
920 8
8 8
24 8
8 8
24 8
8 8
24 8
8 8
1952 8
32 8
32 8
440 8
8 8
24 8
8 8
24 8
8 8
24 8
8 8
408 16
8 16
24 16
8 16
24 16
8 16
24 16
8 16
920 8
8 8
24 8
8 8
24 8
8 8
24 8
8 8
1952 8
32 4
32 4
63
63 4
32 4
24 8
8 8
152 8
8 8
24 8
8 8
24 8
8 8
24 8
8 8
408 16
8 16
24 16
8 16
24 16
8 16
24 16
8 16
920 8
8 8
24 8
8 8
24 8
8 8
24 8
8 8
1952 8
32 4
32 4
440 8
8 8
24 8
8 8
24 8
8 8
24 8
8 8
408 16
8 16
24 16
8 16
24 16
8 16
24 16
8 16
920 8
8 8
24 8
8 8
24 8
8 8
24 8
8 8
1952 8
119
119 2
8 4
152 4
8 4
24 8
8 8
56 4
8 4
408 8
8 8
24 16
8 16
56 8
8 8
920 4
8 4
24 8
8 8
56 4
8 4
1952 4
504 4
8 4
24 8
8 8
56 4
8 4
408 8
8 8
24 16
8 16
56 8
8 8
920 4
8 4
24 8
8 8
56 4
8 4
1952 2
127
127 2
152 4
8 4
24 8
8 8
56 4
8 4
408 8
8 8
24 16
8 16
56 8
8 8
920 4
8 4
24 8
8 8
56 4
8 4
1952 2
504 4
8 4
24 8
8 8
56 4
8 4
408 8
8 8
24 16
8 16
56 8
8 8
920 4
8 4
24 8
8 8
56 4
8 4
279
279 2
8 4
24 8
8 8
56 4
8 4
408 8
8 8
24 16
8 16
56 8
8 8
920 4
8 4
24 8
8 8
56 4
8 4
2456 4
8 4
24 8
8 8
56 4
8 4
408 8
8 8
24 16
8 16
56 8
8 8
920 4
8 4
24 8
8 8
56 4
8 2
287
287 2
24 8
8 8
56 4
8 4
408 8
8 8
24 16
8 16
56 8
8 8
920 4
8 4
24 8
8 8
56 4
8 2
2456 4
8 4
24 8
8 8
56 4
8 4
408 8
8 8
24 16
8 16
56 8
8 8
920 4
8 4
24 8
8 8
56 4
311
311 4
8 8
24 4
8 8
24 8
8 8
408 16
8 16
24 16
8 16
24 16
8 16
24 16
8 16
920 8
8 8
24 8
8 8
24 8
8 8
24 8
2464 8
8 8
24 8
8 8
24 8
8 8
24 8
8 8
408 16
8 16
24 16
8 16
24 16
8 16
24 16
8 16
920 8
8 8
24 8
8 4
24 8
8 4
24 8
319
319 4
32 4
24 8
8 8
408 16
8 16
24 16
8 16
24 16
8 16
24 16
8 16
920 8
8 8
24 8
8 4
24 8
8 4
24 8
2464 8
8 8
24 8
8 8
24 8
8 8
24 8
8 8
408 16
8 16
24 16
8 16
24 16
8 16
24 16
8 16
920 8
8 8
24 8
32 8
32 8
375
375 2
8 4
408 8
8 8
24 16
8 16
56 8
8 8
920 4
8 4
24 8
64 4
2464 4
8 4
24 8
8 8
56 4
8 4
408 8
8 8
24 16
8 16
56 8
8 8
920 4
8 2
24 8
64 4
383
383 2
408 8
8 8
24 16
8 16
56 8
8 8
920 4
8 2
24 8
64 4
2464 4
8 4
24 8
8 8
56 4
8 4
408 8
8 8
24 16
8 16
56 8
8 8
920 4
32 8
64 4
791
791 4
8 8
24 16
8 16
56 8
8 8
408 4
8 8
24 16
8 16
56 8
8 8
408 8
32 16
64 8
2464 8
8 8
24 16
8 16
56 8
8 8
408 8
8 8
24 16
8 16
56 8
8 4
408 8
8 8
24 16
8 16
56 8
8 4
408 8
32 16
64 8
799
799 4
24 16
8 16
56 8
8 4
416 4
24 16
8 16
56 8
8 4
408 8
32 16
64 8
2464 8
8 8
24 16
8 16
56 8
8 8
408 8
8 8
24 16
8 16
56 8
416 8
8 8
24 16
8 16
56 8
416 8
32 16
64 8
823
823 8
8 16
24 8
8 16
24 16
448 8
8 16
24 8
8 16
24 16
416 16
32 16
32 16
32 16
2464 16
8 16
24 16
8 16
24 16
8 16
24 16
8 16
408 16
8 16
24 16
8 8
24 16
8 8
24 16
416 16
8 16
24 16
8 8
24 16
8 8
24 16
416 16
32 16
32 16
32 16
831
831 4
32 4
24 16
456 4
32 4
24 16
416 16
32 16
32 16
32 16
2464 16
32 16
32 16
32 16
416 16
32 8
32 8
448 16
32 8
32 8
887
887 4
512 4
416 8
32 16
64 8
2464 8
8 8
24 16
8 16
56 8
8 8
408 8
8 4
24 16
64 8
416 8
8 4
24 16
64 8
416 8
32 16
64 8
1815
1815 2
32 8
64 4
2464 4
8 4
24 8
8 8
56 4
8 2
408 8
32 16
64 8
928 4
32 8
64 4
1847
1847 4
32 4
32 8
2464 8
8 8
24 8
8 4
24 8
8 4
24 8
416 16
32 16
32 16
32 16
928 8
32 8
32 8
32 8
1911
1911 2
2464 4
8 2
24 8
64 4
416 8
32 16
64 8
928 4
32 8
64 4
4375
4375 2
32 8
64 4
416 8
32 16
64 8
928 4
32 8
64 2
4407
4407 4
32 4
32 8
416 16
32 16
32 16
32 16
928 8
32 4
32 4
4471
4471 2
416 8
32 16
64 8
928 2
4887
4887 4
32 16
64 4
416 4
32 16
64 4
4919
4919 4
32 4
480 4
32 4
