7
7 1
8 2
8 2
8 2
24 4
8 4
56 2
8 2
136 2
8 2
8 2
8 2
24 4
8 4
56 2
8 2
392 2
8 2
8 2
8 2
24 4
8 4
56 2
8 2
15
15 1
8 2
8 2
24 4
8 4
56 2
8 2
136 2
8 2
8 2
8 2
24 4
8 4
56 2
8 2
392 2
8 2
8 2
8 2
24 4
8 4
56 2
8 2
23
23 1
8 2
24 4
8 4
56 2
8 2
136 2
8 2
8 2
8 2
24 4
8 4
56 2
8 2
392 2
8 2
8 2
8 2
24 4
8 4
56 2
8 2
31
31 1
24 4
8 4
56 2
8 2
136 2
8 2
8 2
8 2
24 4
8 4
56 2
8 2
392 2
8 2
8 2
8 2
24 4
8 4
56 2
8 2
55
55 2
8 4
24 2
8 4
24 4
8 4
136 4
8 4
8 4
8 4
24 4
8 4
24 4
8 4
24 4
8 4
392 4
8 4
8 4
8 4
24 4
8 4
24 4
8 4
24 4
8 4
63
63 2
32 2
24 4
8 4
136 4
8 4
8 4
8 4
24 4
8 4
24 4
8 4
24 4
8 4
392 4
8 4
8 4
8 4
24 4
8 4
24 4
8 4
24 4
8 4
119
119 1
8 2
136 2
8 2
8 2
8 2
24 4
8 4
56 2
8 2
392 2
8 2
8 2
8 2
24 4
8 4
56 2
8 2
127
127 1
136 2
8 2
8 2
8 2
24 4
8 4
56 2
8 2
392 2
8 2
8 2
8 2
24 4
8 4
56 2
8 2
263
263 1
8 2
8 2
8 2
24 4
8 4
56 2
8 2
392 2
8 2
8 2
8 2
24 4
8 4
56 2
8 2
271
271 1
8 2
8 2
24 4
8 4
56 2
8 2
392 2
8 2
8 2
8 2
24 4
8 4
56 2
8 2
279
279 1
8 2
24 4
8 4
56 2
8 2
392 2
8 2
8 2
8 2
24 4
8 4
56 2
8 2
287
287 1
24 4
8 4
56 2
8 2
392 2
8 2
8 2
8 2
24 4
8 4
56 2
8 2
311
311 2
8 4
24 2
8 4
24 4
8 4
392 4
8 4
8 4
8 4
24 4
8 4
24 4
8 4
24 4
8 4
319
319 2
32 2
24 4
8 4
392 4
8 4
8 4
8 4
24 4
8 4
24 4
8 4
24 4
8 4
375
375 1
8 2
392 2
8 2
8 2
8 2
24 4
8 4
56 2
8 2
383
383 1
392 2
8 2
8 2
8 2
24 4
8 4
56 2
8 2
775
775 1
8 2
8 2
8 2
24 4
8 4
56 2
8 2
783
783 1
8 2
8 2
24 4
8 4
56 2
8 2
791
791 1
8 2
24 4
8 4
56 2
8 2
799
799 1
24 4
8 4
56 2
8 2
823
823 2
8 4
24 2
8 4
24 4
8 4
831
831 2
32 2
24 4
8 4
887
887 1
8 2
895
895 1
