7
7 1
8 2
8 4
8 4
24 4
8 4
24 4
8 4
24 4
8 4
152 2
8 2
24 4
8 4
24 4
8 4
24 4
8 4
440 2
8 2
24 4
8 4
24 4
8 4
472 2
8 2
24 4
8 4
504 2
8 2
2456 2
8 2
24 4
8 4
24 4
8 4
24 4
8 4
440 2
8 2
24 4
8 4
24 4
8 4
472 2
8 2
24 4
8 4
504 2
8 2
7096 2
8 2
56 4
8 4
1016 2
8 2
15
15 1
8 4
8 4
24 4
8 4
24 4
8 4
24 4
8 4
152 2
8 2
24 4
8 4
24 4
8 4
24 4
8 4
440 2
8 2
24 4
8 4
24 4
8 4
472 2
8 2
24 4
8 4
504 2
8 2
2456 2
8 2
24 4
8 4
24 4
8 4
24 4
8 4
440 2
8 2
24 4
8 4
24 4
8 4
472 2
8 2
24 4
8 4
504 2
8 2
7096 2
8 2
56 4
8 4
1016 2
8 2
23
23 2
8 4
24 4
8 4
24 4
8 4
24 4
8 4
136 2
8 4
8 4
8 4
24 4
8 4
24 4
8 4
24 4
8 4
392 4
8 4
8 4
8 4
24 4
8 4
24 4
8 4
24 4
8 4
392 4
8 4
8 4
8 4
24 4
8 4
24 4
8 4
24 4
8 4
392 4
8 4
8 4
8 4
24 4
8 4
24 4
8 4
24 4
8 4
2456 4
8 4
24 4
8 4
24 4
8 4
24 4
8 4
408 4
8 4
24 4
8 4
24 4
8 4
24 4
8 4
408 4
8 4
24 4
8 4
24 4
8 4
24 4
8 4
408 4
8 4
24 4
8 4
24 4
8 4
24 4
8 4
7096 4
8 4
56 4
8 4
952 4
8 4
56 4
8 4
31
31 2
24 4
8 4
24 4
8 4
24 4
8 4
144 2
8 4
8 4
24 4
8 4
24 4
8 4
24 4
8 4
392 4
8 4
8 4
8 4
24 4
8 4
24 4
8 4
24 4
8 4
392 4
8 4
8 4
8 4
24 4
8 4
24 4
8 4
24 4
8 4
392 4
8 4
8 4
8 4
24 4
8 4
24 4
8 4
24 4
8 4
2456 4
8 4
24 4
8 4
24 4
8 4
24 4
8 4
408 4
8 4
24 4
8 4
24 4
8 4
24 4
8 4
408 4
8 4
24 4
8 4
24 4
8 4
24 4
8 4
408 4
8 4
24 4
8 4
24 4
8 4
24 4
8 4
7096 4
8 4
56 4
8 4
952 4
8 4
56 4
8 4
55
55 2
8 4
24 4
8 4
24 4
8 4
152 4
8 4
24 4
8 4
24 4
8 4
24 4
8 4
392 2
8 4
8 4
8 4
24 4
8 4
24 4
8 4
24 4
8 4
392 4
8 4
8 4
8 4
24 4
8 4
24 4
8 4
24 4
8 4
392 4
8 4
8 4
8 4
24 4
8 4
24 4
8 4
24 4
8 4
2456 4
8 4
24 4
8 4
24 4
8 4
24 4
8 4
408 4
8 4
24 4
8 4
24 4
8 4
24 4
8 4
408 4
8 4
24 4
8 4
24 4
8 4
24 4
8 4
408 4
8 4
24 4
8 4
24 4
8 4
24 4
8 4
7096 4
8 4
56 4
8 4
952 4
8 4
56 4
8 4
63
63 2
24 4
8 4
24 4
8 4
152 4
8 4
24 4
8 4
24 4
8 4
24 4
8 4
400 2
8 4
8 4
24 4
8 4
24 4
8 4
24 4
8 4
392 4
8 4
8 4
8 4
24 4
8 4
24 4
8 4
24 4
8 4
392 4
8 4
8 4
8 4
24 4
8 4
24 4
8 4
24 4
8 4
2456 4
8 4
24 4
8 4
24 4
8 4
24 4
8 4
408 4
8 4
24 4
8 4
24 4
8 4
24 4
8 4
408 4
8 4
24 4
8 4
24 4
8 4
24 4
8 4
408 4
8 4
24 4
8 4
24 4
8 4
24 4
8 4
7096 4
8 4
56 4
8 4
952 4
8 4
56 4
8 4
87
87 2
8 4
24 4
8 4
152 4
8 4
24 4
8 4
24 4
8 4
24 4
8 4
408 4
8 4
24 4
8 4
24 4
8 4
24 4
8 4
392 2
8 4
8 4
8 4
24 4
8 4
24 4
8 4
24 4
8 4
392 4
8 4
8 4
8 4
24 4
8 4
24 4
8 4
24 4
8 4
2456 4
8 4
24 4
8 4
24 4
8 4
24 4
8 4
408 4
8 4
24 4
8 4
24 4
8 4
24 4
8 4
408 4
8 4
24 4
8 4
24 4
8 4
24 4
8 4
408 4
8 4
24 4
8 4
24 4
8 4
24 4
8 4
7096 4
8 4
56 4
8 4
952 4
8 4
56 4
8 4
95
95 2
24 4
8 4
152 4
8 4
24 4
8 4
24 4
8 4
24 4
8 4
408 4
8 4
24 4
8 4
24 4
8 4
24 4
8 4
400 2
8 4
8 4
24 4
8 4
24 4
8 4
24 4
8 4
392 4
8 4
8 4
8 4
24 4
8 4
24 4
8 4
24 4
8 4
2456 4
8 4
24 4
8 4
24 4
8 4
24 4
8 4
408 4
8 4
24 4
8 4
24 4
8 4
24 4
8 4
408 4
8 4
24 4
8 4
24 4
8 4
24 4
8 4
408 4
8 4
24 4
8 4
24 4
8 4
24 4
8 4
7096 4
8 4
56 4
8 4
952 4
8 4
56 4
8 4
119
119 2
8 4
152 4
8 4
24 4
8 4
24 4
8 4
24 4
8 4
408 4
8 4
24 4
8 4
24 4
8 4
24 4
8 4
408 4
8 4
24 4
8 4
24 4
8 4
24 4
8 4
392 2
8 4
8 4
8 4
24 4
8 4
24 4
8 4
24 4
8 4
2456 4
8 4
24 4
8 4
24 4
8 4
24 4
8 4
408 4
8 4
24 4
8 4
24 4
8 4
24 4
8 4
408 4
8 4
24 4
8 4
24 4
8 4
24 4
8 4
408 4
8 4
24 4
8 4
24 4
8 4
24 4
8 4
7096 4
8 4
56 4
8 4
952 4
8 4
56 4
8 4
127
127 2
152 4
8 4
24 4
8 4
24 4
8 4
24 4
8 4
408 4
8 4
24 4
8 4
24 4
8 4
24 4
8 4
408 4
8 4
24 4
8 4
24 4
8 4
24 4
8 4
400 2
8 4
8 4
24 4
8 4
24 4
8 4
24 4
8 4
2456 4
8 4
24 4
8 4
24 4
8 4
24 4
8 4
408 4
8 4
24 4
8 4
24 4
8 4
24 4
8 4
408 4
8 4
24 4
8 4
24 4
8 4
24 4
8 4
408 4
8 4
24 4
8 4
24 4
8 4
24 4
8 4
7096 4
8 4
56 4
8 4
952 4
8 4
56 4
8 4
279
279 1
8 2
24 4
8 4
24 4
8 4
24 4
8 4
440 2
8 2
24 4
8 4
24 4
8 4
472 2
8 2
24 4
8 4
504 2
8 2
2456 2
8 2
24 4
8 4
24 4
8 4
24 4
8 4
440 2
8 2
24 4
8 4
24 4
8 4
472 2
8 2
24 4
8 4
504 2
8 2
7096 2
8 2
56 4
8 4
1016 2
8 2
287
287 1
24 4
8 4
24 4
8 4
24 4
8 4
440 2
8 2
24 4
8 4
24 4
8 4
472 2
8 2
24 4
8 4
504 2
8 2
2456 2
8 2
24 4
8 4
24 4
8 4
24 4
8 4
440 2
8 2
24 4
8 4
24 4
8 4
472 2
8 2
24 4
8 4
504 2
8 2
7096 2
8 2
56 4
8 4
1016 2
8 2
311
311 2
8 4
24 4
8 4
24 4
8 4
408 2
8 4
24 4
8 4
24 4
8 4
24 4
8 4
408 4
8 4
24 4
8 4
24 4
8 4
24 4
8 4
408 4
8 4
24 4
8 4
24 4
8 4
24 4
8 4
2456 4
8 4
24 4
8 4
24 4
8 4
24 4
8 4
408 4
8 4
24 4
8 4
24 4
8 4
24 4
8 4
408 4
8 4
24 4
8 4
24 4
8 4
24 4
8 4
408 4
8 4
24 4
8 4
24 4
8 4
24 4
8 4
7096 4
8 4
56 4
8 4
952 4
8 4
56 4
8 4
319
319 2
24 4
8 4
24 4
8 4
416 2
24 4
8 4
24 4
8 4
24 4
8 4
408 4
8 4
24 4
8 4
24 4
8 4
24 4
8 4
408 4
8 4
24 4
8 4
24 4
8 4
24 4
8 4
2456 4
8 4
24 4
8 4
24 4
8 4
24 4
8 4
408 4
8 4
24 4
8 4
24 4
8 4
24 4
8 4
408 4
8 4
24 4
8 4
24 4
8 4
24 4
8 4
408 4
8 4
24 4
8 4
24 4
8 4
24 4
8 4
7096 4
8 4
56 4
8 4
952 4
8 4
56 4
8 4
343
343 2
8 4
24 4
8 4
440 4
8 4
24 4
8 4
24 4
8 4
408 2
8 4
24 4
8 4
24 4
8 4
24 4
8 4
408 4
8 4
24 4
8 4
24 4
8 4
24 4
8 4
2456 4
8 4
24 4
8 4
24 4
8 4
24 4
8 4
408 4
8 4
24 4
8 4
24 4
8 4
24 4
8 4
408 4
8 4
24 4
8 4
24 4
8 4
24 4
8 4
408 4
8 4
24 4
8 4
24 4
8 4
24 4
8 4
7096 4
8 4
56 4
8 4
952 4
8 4
56 4
8 4
351
351 2
24 4
8 4
440 4
8 4
24 4
8 4
24 4
8 4
416 2
24 4
8 4
24 4
8 4
24 4
8 4
408 4
8 4
24 4
8 4
24 4
8 4
24 4
8 4
2456 4
8 4
24 4
8 4
24 4
8 4
24 4
8 4
408 4
8 4
24 4
8 4
24 4
8 4
24 4
8 4
408 4
8 4
24 4
8 4
24 4
8 4
24 4
8 4
408 4
8 4
24 4
8 4
24 4
8 4
24 4
8 4
7096 4
8 4
56 4
8 4
952 4
8 4
56 4
8 4
375
375 2
8 4
440 4
8 4
24 4
8 4
24 4
8 4
440 4
8 4
24 4
8 4
24 4
8 4
408 2
8 4
24 4
8 4
24 4
8 4
24 4
8 4
2456 4
8 4
24 4
8 4
24 4
8 4
24 4
8 4
408 4
8 4
24 4
8 4
24 4
8 4
24 4
8 4
408 4
8 4
24 4
8 4
24 4
8 4
24 4
8 4
408 4
8 4
24 4
8 4
24 4
8 4
24 4
8 4
7096 4
8 4
56 4
8 4
952 4
8 4
56 4
8 4
383
383 2
440 4
8 4
24 4
8 4
24 4
8 4
440 4
8 4
24 4
8 4
24 4
8 4
416 2
24 4
8 4
24 4
8 4
24 4
8 4
2456 4
8 4
24 4
8 4
24 4
8 4
24 4
8 4
408 4
8 4
24 4
8 4
24 4
8 4
24 4
8 4
408 4
8 4
24 4
8 4
24 4
8 4
24 4
8 4
408 4
8 4
24 4
8 4
24 4
8 4
24 4
8 4
7096 4
8 4
56 4
8 4
952 4
8 4
56 4
8 4
823
823 1
8 2
24 4
8 4
24 4
8 4
472 2
8 2
24 4
8 4
504 2
8 2
2456 2
8 2
24 4
8 4
24 4
8 4
24 4
8 4
440 2
8 2
24 4
8 4
24 4
8 4
472 2
8 2
24 4
8 4
504 2
8 2
7096 2
8 2
56 4
8 4
1016 2
8 2
831
831 1
24 4
8 4
24 4
8 4
472 2
8 2
24 4
8 4
504 2
8 2
2456 2
8 2
24 4
8 4
24 4
8 4
24 4
8 4
440 2
8 2
24 4
8 4
24 4
8 4
472 2
8 2
24 4
8 4
504 2
8 2
7096 2
8 2
56 4
8 4
1016 2
8 2
855
855 2
8 4
24 4
8 4
440 2
8 4
24 4
8 4
24 4
8 4
440 4
8 4
24 4
8 4
24 4
8 4
2456 4
8 4
24 4
8 4
24 4
8 4
24 4
8 4
408 4
8 4
24 4
8 4
24 4
8 4
24 4
8 4
408 4
8 4
24 4
8 4
24 4
8 4
24 4
8 4
408 4
8 4
24 4
8 4
24 4
8 4
24 4
8 4
7096 4
8 4
56 4
8 4
952 4
8 4
56 4
8 4
863
863 2
24 4
8 4
448 2
24 4
8 4
24 4
8 4
440 4
8 4
24 4
8 4
24 4
8 4
2456 4
8 4
24 4
8 4
24 4
8 4
24 4
8 4
408 4
8 4
24 4
8 4
24 4
8 4
24 4
8 4
408 4
8 4
24 4
8 4
24 4
8 4
24 4
8 4
408 4
8 4
24 4
8 4
24 4
8 4
24 4
8 4
7096 4
8 4
56 4
8 4
952 4
8 4
56 4
8 4
887
887 2
8 4
472 4
8 4
24 4
8 4
440 2
8 4
24 4
8 4
24 4
8 4
2456 4
8 4
24 4
8 4
24 4
8 4
24 4
8 4
408 4
8 4
24 4
8 4
24 4
8 4
24 4
8 4
408 4
8 4
24 4
8 4
24 4
8 4
24 4
8 4
408 4
8 4
24 4
8 4
24 4
8 4
24 4
8 4
7096 4
8 4
56 4
8 4
952 4
8 4
56 4
8 4
895
895 2
472 4
8 4
24 4
8 4
448 2
24 4
8 4
24 4
8 4
2456 4
8 4
24 4
8 4
24 4
8 4
24 4
8 4
408 4
8 4
24 4
8 4
24 4
8 4
24 4
8 4
408 4
8 4
24 4
8 4
24 4
8 4
24 4
8 4
408 4
8 4
24 4
8 4
24 4
8 4
24 4
8 4
7096 4
8 4
56 4
8 4
952 4
8 4
56 4
8 4
1367
1367 1
8 2
24 4
8 4
504 2
8 2
2456 2
8 2
24 4
8 4
24 4
8 4
24 4
8 4
440 2
8 2
24 4
8 4
24 4
8 4
472 2
8 2
24 4
8 4
504 2
8 2
7096 2
8 2
56 4
8 4
1016 2
8 2
1375
1375 1
24 4
8 4
504 2
8 2
2456 2
8 2
24 4
8 4
24 4
8 4
24 4
8 4
440 2
8 2
24 4
8 4
24 4
8 4
472 2
8 2
24 4
8 4
504 2
8 2
7096 2
8 2
56 4
8 4
1016 2
8 2
1399
1399 2
8 4
472 2
8 4
24 4
8 4
2456 4
8 4
24 4
8 4
24 4
8 4
24 4
8 4
408 4
8 4
24 4
8 4
24 4
8 4
24 4
8 4
408 4
8 4
24 4
8 4
24 4
8 4
24 4
8 4
408 4
8 4
24 4
8 4
24 4
8 4
24 4
8 4
7096 4
8 4
56 4
8 4
952 4
8 4
56 4
8 4
1407
1407 2
480 2
24 4
8 4
2456 4
8 4
24 4
8 4
24 4
8 4
24 4
8 4
408 4
8 4
24 4
8 4
24 4
8 4
24 4
8 4
408 4
8 4
24 4
8 4
24 4
8 4
24 4
8 4
408 4
8 4
24 4
8 4
24 4
8 4
24 4
8 4
7096 4
8 4
56 4
8 4
952 4
8 4
56 4
8 4
1911
1911 1
8 2
2456 2
8 2
24 4
8 4
24 4
8 4
24 4
8 4
440 2
8 2
24 4
8 4
24 4
8 4
472 2
8 2
24 4
8 4
504 2
8 2
7096 2
8 2
56 4
8 4
1016 2
8 2
1919
1919 1
2456 2
8 2
24 4
8 4
24 4
8 4
24 4
8 4
440 2
8 2
24 4
8 4
24 4
8 4
472 2
8 2
24 4
8 4
504 2
8 2
7096 2
8 2
56 4
8 4
1016 2
8 2
4375
4375 1
8 2
24 4
8 4
24 4
8 4
24 4
8 4
440 2
8 2
24 4
8 4
24 4
8 4
472 2
8 2
24 4
8 4
504 2
8 2
7096 2
8 2
56 4
8 4
1016 2
8 2
4383
4383 1
24 4
8 4
24 4
8 4
24 4
8 4
440 2
8 2
24 4
8 4
24 4
8 4
472 2
8 2
24 4
8 4
504 2
8 2
7096 2
8 2
56 4
8 4
1016 2
8 2
4407
4407 2
8 4
24 4
8 4
24 4
8 4
408 2
8 4
24 4
8 4
24 4
8 4
24 4
8 4
408 4
8 4
24 4
8 4
24 4
8 4
24 4
8 4
408 4
8 4
24 4
8 4
24 4
8 4
24 4
8 4
7096 4
8 4
56 4
8 4
952 4
8 4
56 4
8 4
4415
4415 2
24 4
8 4
24 4
8 4
416 2
24 4
8 4
24 4
8 4
24 4
8 4
408 4
8 4
24 4
8 4
24 4
8 4
24 4
8 4
408 4
8 4
24 4
8 4
24 4
8 4
24 4
8 4
7096 4
8 4
56 4
8 4
952 4
8 4
56 4
8 4
4439
4439 2
8 4
24 4
8 4
440 4
8 4
24 4
8 4
24 4
8 4
408 2
8 4
24 4
8 4
24 4
8 4
24 4
8 4
408 4
8 4
24 4
8 4
24 4
8 4
24 4
8 4
7096 4
8 4
56 4
8 4
952 4
8 4
56 4
8 4
4447
4447 2
24 4
8 4
440 4
8 4
24 4
8 4
24 4
8 4
416 2
24 4
8 4
24 4
8 4
24 4
8 4
408 4
8 4
24 4
8 4
24 4
8 4
24 4
8 4
7096 4
8 4
56 4
8 4
952 4
8 4
56 4
8 4
4471
4471 2
8 4
440 4
8 4
24 4
8 4
24 4
8 4
440 4
8 4
24 4
8 4
24 4
8 4
408 2
8 4
24 4
8 4
24 4
8 4
24 4
8 4
7096 4
8 4
56 4
8 4
952 4
8 4
56 4
8 4
4479
4479 2
440 4
8 4
24 4
8 4
24 4
8 4
440 4
8 4
24 4
8 4
24 4
8 4
416 2
24 4
8 4
24 4
8 4
24 4
8 4
7096 4
8 4
56 4
8 4
952 4
8 4
56 4
8 4
4919
4919 1
8 2
24 4
8 4
24 4
8 4
472 2
8 2
24 4
8 4
504 2
8 2
7096 2
8 2
56 4
8 4
1016 2
8 2
4927
4927 1
24 4
8 4
24 4
8 4
472 2
8 2
24 4
8 4
504 2
8 2
7096 2
8 2
56 4
8 4
1016 2
8 2
4951
4951 2
8 4
24 4
8 4
440 2
8 4
24 4
8 4
24 4
8 4
440 4
8 4
24 4
8 4
24 4
8 4
7096 4
8 4
56 4
8 4
952 4
8 4
56 4
8 4
4959
4959 2
24 4
8 4
448 2
24 4
8 4
24 4
8 4
440 4
8 4
24 4
8 4
24 4
8 4
7096 4
8 4
56 4
8 4
952 4
8 4
56 4
8 4
4983
4983 2
8 4
472 4
8 4
24 4
8 4
440 2
8 4
24 4
8 4
24 4
8 4
7096 4
8 4
56 4
8 4
952 4
8 4
56 4
8 4
4991
4991 2
472 4
8 4
24 4
8 4
448 2
24 4
8 4
24 4
8 4
7096 4
8 4
56 4
8 4
952 4
8 4
56 4
8 4
5463
5463 1
8 2
24 4
8 4
504 2
8 2
7096 2
8 2
56 4
8 4
1016 2
8 2
5471
5471 1
24 4
8 4
504 2
8 2
7096 2
8 2
56 4
8 4
1016 2
8 2
5495
5495 2
8 4
472 2
8 4
24 4
8 4
7096 4
8 4
56 4
8 4
952 4
8 4
56 4
8 4
5503
5503 2
480 2
24 4
8 4
7096 4
8 4
56 4
8 4
952 4
8 4
56 4
8 4
6007
6007 1
8 2
7096 2
8 2
56 4
8 4
1016 2
8 2
6015
6015 1
7096 2
8 2
56 4
8 4
1016 2
8 2
13111
13111 1
8 2
56 4
8 4
1016 2
8 2
13119
13119 1
56 4
8 4
1016 2
8 2
13175
13175 2
8 4
952 2
8 4
56 4
8 4
13183
13183 2
960 2
56 4
8 4
14199
14199 1
8 2
14207
14207 1
