3
3 2
4 4
8 4
4 8
4 8
8 8
20 8
4 8
8 8
24 8
8 8
24 8
8 8
128 8
20 4
4 4
8 4
20 8
4 8
8 8
24 8
8 8
24 8
8 8
128 8
308 4
4 4
8 4
24 8
8 8
24 8
8 8
128 8
344 4
8 4
24 8
8 8
128 8
376 4
8 4
128 8
2048 4
276 4
4 4
8 4
20 8
4 8
8 8
24 8
8 8
24 8
8 8
128 8
308 4
4 4
8 4
24 8
8 8
24 8
8 8
128 8
344 4
8 4
24 8
8 8
128 8
376 4
8 4
128 8
2048 4
13656 4
8 4
24 8
8 8
128 8
376 4
8 4
128 8
2048 2
7
7 2
8 4
4 8
4 8
8 8
20 8
4 8
8 8
24 8
8 8
24 8
8 8
128 8
20 4
4 4
8 4
20 8
4 8
8 8
24 8
8 8
24 8
8 8
128 8
308 4
4 4
8 4
24 8
8 8
24 8
8 8
128 8
344 4
8 4
24 8
8 8
128 8
376 4
8 4
128 8
2048 4
276 4
4 4
8 4
20 8
4 8
8 8
24 8
8 8
24 8
8 8
128 8
308 4
4 4
8 4
24 8
8 8
24 8
8 8
128 8
344 4
8 4
24 8
8 8
128 8
376 4
8 4
128 8
2048 2
13656 4
8 4
24 8
8 8
128 8
376 4
8 4
128 8
15
15 2
4 8
4 8
8 8
20 8
4 8
8 8
24 8
8 8
24 8
8 8
128 8
20 4
4 4
8 4
20 8
4 8
8 8
24 8
8 8
24 8
8 8
128 8
308 4
4 4
8 4
24 8
8 8
24 8
8 8
128 8
344 4
8 4
24 8
8 8
128 8
376 4
8 4
128 8
2048 2
276 4
4 4
8 4
20 8
4 8
8 8
24 8
8 8
24 8
8 8
128 8
308 4
4 4
8 4
24 8
8 8
24 8
8 8
128 8
344 4
8 4
24 8
8 8
128 8
376 4
8 4
128 8
15704 4
8 4
24 8
8 8
128 8
376 4
8 4
128 8
19
19 4
4 8
8 8
20 8
4 8
8 8
24 8
8 8
24 8
8 8
128 8
4 4
4 8
8 8
4 8
4 8
8 8
20 8
4 8
8 8
24 8
8 8
24 8
8 8
128 8
260 8
4 8
8 8
4 8
4 8
8 8
20 8
4 8
8 8
24 8
8 8
24 8
8 8
128 8
264 8
8 8
8 8
8 8
24 8
8 8
24 8
8 8
24 8
8 8
128 8
264 8
8 8
8 8
8 8
24 8
8 8
24 8
8 8
24 8
8 8
128 8
1808 8
16 8
32 8
32 8
32 8
404 8
4 8
8 8
20 8
4 8
8 8
24 8
8 8
24 8
8 8
128 8
276 8
4 8
8 8
20 8
4 8
8 8
24 8
8 8
24 8
8 8
128 8
280 8
8 8
24 8
8 8
24 8
8 8
24 8
8 8
128 8
280 8
8 8
24 8
8 8
24 8
8 8
24 8
8 8
128 8
1824 8
32 8
32 8
32 8
13784 8
8 8
24 8
8 8
128 8
344 8
8 8
24 8
8 8
128 4
1888 8
32 4
23
23 4
8 8
20 8
4 8
8 8
24 8
8 8
24 8
8 8
128 8
8 4
8 8
4 8
4 8
8 8
20 8
4 8
8 8
24 8
8 8
24 8
8 8
128 8
260 8
4 8
8 8
4 8
4 8
8 8
20 8
4 8
8 8
24 8
8 8
24 8
8 8
128 8
264 8
8 8
8 8
8 8
24 8
8 8
24 8
8 8
24 8
8 8
128 8
264 8
8 8
8 8
8 8
24 8
8 8
24 8
8 8
24 8
8 8
128 8
1808 8
16 8
32 8
32 8
32 8
404 8
4 8
8 8
20 8
4 8
8 8
24 8
8 8
24 8
8 8
128 8
276 8
4 8
8 8
20 8
4 8
8 8
24 8
8 8
24 8
8 8
128 8
280 8
8 8
24 8
8 8
24 8
8 8
24 8
8 8
128 8
280 8
8 8
24 8
8 8
24 8
8 8
24 8
8 8
128 4
1824 8
32 8
32 8
32 4
13784 8
8 8
24 8
8 8
128 8
344 8
8 8
24 8
8 8
2016 8
31
31 4
20 8
4 8
8 8
24 8
8 8
24 8
8 8
128 8
16 4
4 8
4 8
8 8
20 8
4 8
8 8
24 8
8 8
24 8
8 8
128 8
260 8
4 8
8 8
4 8
4 8
8 8
20 8
4 8
8 8
24 8
8 8
24 8
8 8
128 8
264 8
8 8
8 8
8 8
24 8
8 8
24 8
8 8
24 8
8 8
128 8
264 8
8 8
8 8
8 8
24 8
8 8
24 8
8 8
24 8
8 8
128 4
1808 8
16 8
32 8
32 8
32 4
404 8
4 8
8 8
20 8
4 8
8 8
24 8
8 8
24 8
8 8
128 8
276 8
4 8
8 8
20 8
4 8
8 8
24 8
8 8
24 8
8 8
128 8
280 8
8 8
24 8
8 8
24 8
8 8
24 8
8 8
128 8
280 8
8 8
24 8
8 8
24 8
8 8
24 8
8 8
1952 8
32 8
32 8
13816 8
8 8
24 8
8 8
128 8
344 8
8 8
24 8
8 8
2016 8
51
51 4
4 8
8 8
24 8
8 8
24 8
8 8
128 8
20 8
4 8
8 8
20 8
4 8
8 8
24 8
8 8
24 8
8 8
128 8
260 4
4 8
8 8
4 8
4 8
8 8
20 8
4 8
8 8
24 8
8 8
24 8
8 8
128 8
264 8
8 8
8 8
8 8
24 8
8 8
24 8
8 8
24 8
8 8
128 8
264 8
8 8
8 8
8 8
24 8
8 8
24 8
8 8
24 8
8 8
1936 8
16 8
32 8
32 8
436 8
4 8
8 8
20 8
4 8
8 8
24 8
8 8
24 8
8 8
128 8
276 8
4 8
8 8
20 8
4 8
8 8
24 8
8 8
24 8
8 8
128 8
280 8
8 8
24 8
8 8
24 8
8 8
24 8
8 8
128 8
280 8
8 8
24 8
8 8
24 8
8 8
24 8
8 8
1952 8
32 8
32 8
13816 8
8 8
24 8
8 8
128 4
344 8
8 8
24 8
8 8
2016 4
55
55 4
8 8
24 8
8 8
24 8
8 8
128 8
20 8
4 8
8 8
20 8
4 8
8 8
24 8
8 8
24 8
8 8
128 8
264 4
8 8
4 8
4 8
8 8
20 8
4 8
8 8
24 8
8 8
24 8
8 8
128 8
264 8
8 8
8 8
8 8
24 8
8 8
24 8
8 8
24 8
8 8
128 8
264 8
8 8
8 8
8 8
24 8
8 8
24 8
8 8
24 8
8 8
1936 8
16 8
32 8
32 8
436 8
4 8
8 8
20 8
4 8
8 8
24 8
8 8
24 8
8 8
128 8
276 8
4 8
8 8
20 8
4 8
8 8
24 8
8 8
24 8
8 8
128 8
280 8
8 8
24 8
8 8
24 8
8 8
24 8
8 8
128 4
280 8
8 8
24 8
8 8
24 8
8 8
24 8
8 8
1952 8
32 8
32 4
13816 8
8 8
24 8
8 8
472 8
8 8
24 8
8 8
63
63 4
24 8
8 8
24 8
8 8
128 8
20 8
4 8
8 8
20 8
4 8
8 8
24 8
8 8
24 8
8 8
128 8
272 4
4 8
4 8
8 8
20 8
4 8
8 8
24 8
8 8
24 8
8 8
128 8
264 8
8 8
8 8
8 8
24 8
8 8
24 8
8 8
24 8
8 8
128 4
264 8
8 8
8 8
8 8
24 8
8 8
24 8
8 8
24 8
8 8
1936 8
16 8
32 8
32 4
436 8
4 8
8 8
20 8
4 8
8 8
24 8
8 8
24 8
8 8
128 8
276 8
4 8
8 8
20 8
4 8
8 8
24 8
8 8
24 8
8 8
128 8
280 8
8 8
24 8
8 8
24 8
8 8
24 8
8 8
408 8
8 8
24 8
8 8
24 8
8 8
24 8
8 8
1952 8
32 8
13848 8
8 8
24 8
8 8
472 8
8 8
24 8
8 8
87
87 4
8 8
24 8
8 8
128 8
20 8
4 8
8 8
20 8
4 8
8 8
24 8
8 8
24 8
8 8
128 8
276 8
4 8
8 8
20 8
4 8
8 8
24 8
8 8
24 8
8 8
128 8
264 4
8 8
8 8
8 8
24 8
8 8
24 8
8 8
24 8
8 8
392 8
8 8
8 8
8 8
24 8
8 8
24 8
8 8
24 8
8 8
1936 8
16 8
32 8
468 8
4 8
8 8
20 8
4 8
8 8
24 8
8 8
24 8
8 8
128 8
276 8
4 8
8 8
20 8
4 8
8 8
24 8
8 8
24 8
8 8
128 4
280 8
8 8
24 8
8 8
24 8
8 8
24 8
8 8
408 8
8 8
24 8
8 8
24 8
8 8
24 8
8 8
1952 8
32 4
13848 8
8 8
24 8
8 8
472 8
8 8
24 8
8 8
95
95 4
24 8
8 8
128 8
20 8
4 8
8 8
20 8
4 8
8 8
24 8
8 8
24 8
8 8
128 8
276 8
4 8
8 8
20 8
4 8
8 8
24 8
8 8
24 8
8 8
128 4
272 4
8 8
8 8
24 8
8 8
24 8
8 8
24 8
8 8
392 8
8 8
8 8
8 8
24 8
8 8
24 8
8 8
24 8
8 8
1936 8
16 8
32 4
468 8
4 8
8 8
20 8
4 8
8 8
24 8
8 8
24 8
8 8
128 8
276 8
4 8
8 8
20 8
4 8
8 8
24 8
8 8
24 8
8 8
408 8
8 8
24 8
8 8
24 8
8 8
24 8
8 8
408 8
8 8
24 8
8 8
24 8
8 8
24 8
8 8
1952 8
13880 8
8 8
24 8
8 8
472 8
8 8
24 8
8 8
119
119 4
8 8
128 8
20 8
4 8
8 8
20 8
4 8
8 8
24 8
8 8
24 8
8 8
128 8
276 8
4 8
8 8
20 8
4 8
8 8
24 8
8 8
24 8
8 8
408 8
8 8
24 8
8 8
24 8
8 8
24 8
8 8
392 4
8 8
8 8
8 8
24 8
8 8
24 8
8 8
24 8
8 8
1936 8
16 8
500 8
4 8
8 8
20 8
4 8
8 8
24 8
8 8
24 8
8 8
128 4
276 8
4 8
8 8
20 8
4 8
8 8
24 8
8 8
24 8
8 8
408 8
8 8
24 8
8 8
24 8
8 8
24 8
8 8
408 8
8 8
24 8
8 8
24 8
8 8
24 8
8 8
1952 4
13880 8
8 8
24 8
8 8
472 8
8 8
24 8
8 8
127
127 4
128 8
20 8
4 8
8 8
20 8
4 8
8 8
24 8
8 8
24 8
8 8
128 4
276 8
4 8
8 8
20 8
4 8
8 8
24 8
8 8
24 8
8 8
408 8
8 8
24 8
8 8
24 8
8 8
24 8
8 8
400 4
8 8
8 8
24 8
8 8
24 8
8 8
24 8
8 8
1936 8
16 4
500 8
4 8
8 8
20 8
4 8
8 8
24 8
8 8
24 8
8 8
404 8
4 8
8 8
20 8
4 8
8 8
24 8
8 8
24 8
8 8
408 8
8 8
24 8
8 8
24 8
8 8
24 8
8 8
408 8
8 8
24 8
8 8
24 8
8 8
24 8
8 8
15832 8
8 8
24 8
8 8
472 8
8 8
24 8
8 8
255
255 2
20 8
4 8
8 8
20 8
4 8
8 8
24 8
8 8
24 8
8 4
404 8
4 8
8 8
20 8
4 8
8 8
24 8
8 4
24 8
416 8
8 8
24 8
8 4
24 8
32 8
416 8
8 4
24 8
32 8
32 8
1944 2
516 8
4 8
28 8
4 8
32 8
32 4
412 8
4 8
28 8
4 8
32 4
448 8
32 4
480 4
275
275 2
4 4
8 4
20 8
4 8
8 8
24 8
8 8
24 8
8 8
436 4
4 4
8 4
24 8
8 8
24 8
8 8
472 4
8 4
24 8
8 8
504 4
8 4
2452 4
4 4
8 4
20 8
4 8
8 8
24 8
8 8
24 8
8 8
436 4
4 4
8 4
24 8
8 8
24 8
8 8
472 4
8 4
24 8
8 8
504 4
8 4
15832 4
8 4
24 8
8 8
504 4
8 2
279
279 2
8 4
20 8
4 8
8 8
24 8
8 8
24 8
8 8
436 4
4 4
8 4
24 8
8 8
24 8
8 8
472 4
8 4
24 8
8 8
504 4
8 4
2452 4
4 4
8 4
20 8
4 8
8 8
24 8
8 8
24 8
8 8
436 4
4 4
8 4
24 8
8 8
24 8
8 8
472 4
8 4
24 8
8 8
504 4
8 2
15832 4
8 4
24 8
8 8
504 4
287
287 2
20 8
4 8
8 8
24 8
8 8
24 8
8 8
436 4
4 4
8 4
24 8
8 8
24 8
8 8
472 4
8 4
24 8
8 8
504 4
8 2
2452 4
4 4
8 4
20 8
4 8
8 8
24 8
8 8
24 8
8 8
436 4
4 4
8 4
24 8
8 8
24 8
8 8
472 4
8 4
24 8
8 8
504 4
15840 4
8 4
24 8
8 8
504 4
307
307 4
4 8
8 8
24 8
8 8
24 8
8 8
404 4
4 8
8 8
20 8
4 8
8 8
24 8
8 8
24 8
8 8
408 8
8 8
24 8
8 8
24 8
8 8
24 8
8 8
408 8
8 8
24 8
8 8
24 8
8 8
24 8
2460 8
4 8
8 8
20 8
4 8
8 8
24 8
8 8
24 8
8 8
404 8
4 8
8 8
20 8
4 8
8 8
24 8
8 8
24 8
8 8
408 8
8 8
24 8
8 8
24 8
8 8
24 8
8 8
408 8
8 8
24 8
8 8
24 8
8 8
24 8
15840 8
8 8
24 8
8 4
472 8
8 4
24 8
311
311 4
8 8
24 8
8 8
24 8
8 8
408 4
8 8
20 8
4 8
8 8
24 8
8 8
24 8
8 8
408 8
8 8
24 8
8 8
24 8
8 8
24 8
8 8
408 8
8 8
24 8
8 8
24 8
8 8
24 8
2460 8
4 8
8 8
20 8
4 8
8 8
24 8
8 8
24 8
8 8
404 8
4 8
8 8
20 8
4 8
8 8
24 8
8 8
24 8
8 8
408 8
8 8
24 8
8 8
24 8
8 8
24 8
8 4
408 8
8 8
24 8
8 8
24 8
8 4
24 8
15840 8
8 8
24 8
480 8
32 8
319
319 4
24 8
8 8
24 8
8 8
416 4
20 8
4 8
8 8
24 8
8 8
24 8
8 8
408 8
8 8
24 8
8 8
24 8
8 8
24 8
8 4
408 8
8 8
24 8
8 8
24 8
8 4
24 8
2460 8
4 8
8 8
20 8
4 8
8 8
24 8
8 8
24 8
8 8
404 8
4 8
8 8
20 8
4 8
8 8
24 8
8 8
24 8
8 8
408 8
8 8
24 8
8 8
24 8
8 8
24 8
416 8
8 8
24 8
8 8
24 8
32 8
15840 8
8 8
24 8
480 8
32 8
343
343 4
8 8
24 8
8 8
436 8
4 8
8 8
24 8
8 8
24 8
8 8
408 4
8 8
24 8
8 8
24 8
8 8
24 8
416 8
8 8
24 8
8 8
24 8
32 8
2460 8
4 8
8 8
20 8
4 8
8 8
24 8
8 8
24 8
8 8
404 8
4 8
8 8
20 8
4 8
8 8
24 8
8 8
24 8
8 4
408 8
8 8
24 8
8 8
24 8
8 8
24 8
416 8
8 8
24 8
8 4
24 8
32 8
15840 8
8 8
24 8
480 8
32 8
351
351 4
24 8
8 8
436 8
4 8
8 8
24 8
8 8
24 8
8 4
416 4
24 8
8 8
24 8
8 8
24 8
416 8
8 8
24 8
8 4
24 8
32 8
2460 8
4 8
8 8
20 8
4 8
8 8
24 8
8 8
24 8
8 8
404 8
4 8
8 8
20 8
4 8
8 8
24 8
8 8
24 8
416 8
8 8
24 8
8 8
24 8
8 8
24 8
416 8
8 8
24 8
32 8
32 8
15840 8
8 8
24 8
480 8
32 8
375
375 4
8 8
436 8
4 8
8 8
24 8
8 8
24 8
448 8
8 8
24 8
8 8
24 8
416 4
8 8
24 8
32 8
32 8
2460 8
4 8
8 8
20 8
4 8
8 8
24 8
8 8
24 8
8 4
404 8
4 8
8 8
20 8
4 8
8 8
24 8
8 8
24 8
416 8
8 8
24 8
8 8
24 8
8 8
24 8
416 8
8 4
24 8
32 8
32 8
15840 8
8 8
24 8
480 8
32 8
383
383 2
436 8
4 8
8 8
24 8
8 4
24 8
448 8
8 4
24 8
32 8
424 2
24 8
32 8
32 8
2460 8
4 8
28 8
4 8
32 8
32 4
412 8
4 8
28 8
4 8
32 4
448 8
32 4
480 4
819
819 2
4 4
8 4
24 8
8 8
24 8
480 4
8 4
24 8
512 4
2460 4
4 4
8 4
20 8
4 8
8 8
24 8
8 8
24 8
444 4
4 4
8 4
24 8
8 8
24 8
480 4
8 4
24 8
512 4
15840 4
8 2
24 8
512 4
823
823 2
8 4
24 8
8 8
24 8
480 4
8 4
24 8
512 4
2460 4
4 4
8 4
20 8
4 8
8 8
24 8
8 8
24 8
444 4
4 4
8 4
24 8
8 8
24 8
480 4
8 2
24 8
512 4
15840 4
32 8
512 4
831
831 2
24 8
8 8
24 8
480 4
8 2
24 8
512 4
2460 4
4 4
8 4
20 8
4 8
8 8
24 8
8 8
24 8
444 4
4 4
8 4
24 8
8 8
24 8
480 4
32 8
512 4
15840 4
32 8
512 4
855
855 4
8 8
24 8
448 4
8 8
24 8
32 8
448 8
32 8
32 8
2460 8
4 8
8 8
20 8
4 8
8 8
24 8
8 8
24 8
412 8
4 8
8 8
20 8
4 8
8 8
24 8
8 4
24 8
416 8
8 8
24 8
8 4
24 8
32 8
416 8
32 8
32 8
32 8
15840 8
32 8
480 8
32 8
863
863 2
24 8
456 2
24 8
32 8
448 8
32 8
32 8
2460 8
4 8
28 8
4 8
32 8
32 4
412 8
4 8
28 8
4 8
32 4
448 8
32 4
480 4
887
887 4
480 8
32 8
448 4
32 8
32 8
2460 8
4 8
8 8
20 8
4 8
8 8
24 8
8 4
24 8
412 8
4 8
8 8
20 8
4 8
8 8
24 8
32 8
416 8
8 4
24 8
32 8
32 8
416 8
32 8
32 8
32 8
15840 8
32 8
480 8
32 8
1367
1367 2
32 8
512 4
2460 4
4 4
8 4
20 8
4 8
8 8
24 8
32 8
444 4
4 4
8 2
24 8
32 8
480 4
32 8
512 4
15840 4
32 8
512 4
1399
1399 4
480 4
32 8
2460 8
4 8
8 8
20 8
4 8
8 4
24 8
32 8
412 8
4 8
8 4
20 8
4 8
32 8
32 8
416 8
32 8
32 8
32 8
416 8
32 8
32 8
32 8
15840 8
32 8
480 8
32 8
1911
1911 2
2460 4
4 4
8 2
20 8
4 8
32 8
32 8
444 4
4 4
32 8
32 8
480 4
32 8
512 4
15840 4
32 8
512 4
4371
4371 2
4 4
28 8
4 8
32 8
32 8
444 4
4 4
32 8
32 8
480 4
32 8
512 4
15840 4
32 8
512 2
4375
4375 2
28 8
4 8
32 8
32 8
444 4
4 4
32 8
32 8
480 4
32 8
512 2
15840 4
32 8
4403
4403 4
4 8
32 8
32 8
412 4
4 8
28 8
4 8
32 8
32 8
416 8
32 8
32 8
32 8
416 8
32 8
32 8
15872 8
32 4
480 4
4407
4407 4
32 8
32 8
416 4
28 8
4 8
32 8
32 8
416 8
32 8
32 8
32 4
416 8
32 8
32 4
15872 8
4439
4439 4
32 8
444 8
4 8
32 8
32 4
416 4
32 8
32 8
448 8
32 4
15904 8
4471
4471 2
444 8
4 8
32 4
480 4
480 2
4915
4915 2
4 4
32 8
512 4
16384 2
4919
4919 2
32 8
512 2
4951
4951 2
480 2
