23
23 1
8 4
32 2
216 2
8 4
32 2
472 6
8 12
32 6
984 6
8 12
32 6
4056 2
8 4
32 2
31
31 2
24 2
8 4
216 4
8 4
24 4
8 4
472 12
8 12
24 12
8 12
984 12
8 12
24 12
8 12
4056 4
8 4
24 4
8 4
63
63 1
216 2
8 4
32 2
472 6
8 12
32 6
984 6
8 12
32 6
4056 2
8 4
32 2
279
279 1
8 4
32 2
472 6
8 12
32 6
984 6
8 12
32 6
4056 2
8 4
32 2
287
287 2
24 2
8 4
472 12
8 12
24 12
8 12
984 12
8 12
24 12
8 12
4056 4
8 4
24 4
8 4
319
319 1
472 6
8 12
32 6
984 6
8 12
32 6
4056 2
8 4
32 2
791
791 3
8 12
32 6
472 6
8 24
32 12
472 12
8 24
32 12
3544 6
8 12
32 6
472 6
8 12
32 6
799
799 6
24 6
8 12
480 12
24 12
8 24
472 24
8 24
24 24
8 24
3544 12
8 12
24 12
8 12
472 12
8 12
24 12
8 12
831
831 3
512 6
472 12
8 24
32 12
3544 6
8 12
32 6
472 6
8 12
32 6
1815
1815 3
8 12
32 6
3032 6
8 24
32 12
984 6
8 12
32 6
1823
1823 6
24 6
8 12
3040 12
24 12
8 24
984 12
8 12
24 12
8 12
1855
1855 3
3072 6
984 6
8 12
32 6
5911
5911 1
8 4
32 2
5919
5919 2
24 2
8 4
5951
5951 1
