3
3 2
4 12
8 12
8 12
8 24
32 12
24 12
8 24
32 12
128 12
24 4
8 12
32 12
24 12
8 24
32 12
128 12
320 4
24 12
8 24
32 12
128 12
344 12
8 12
24 24
8 24
128 24
376 12
8 12
128 24
2048 12
1368 4
8 12
32 12
128 12
384 4
128 12
2048 12
8192 2
7
7 6
8 12
4 12
4 24
8 24
20 24
4 24
8 24
24 24
8 24
24 24
8 24
128 24
20 12
4 12
8 12
20 24
4 24
8 24
24 24
8 24
24 24
8 24
128 24
308 12
4 12
8 12
24 24
8 24
24 24
8 24
128 24
344 12
8 12
24 24
8 24
128 24
376 12
8 12
128 24
2048 12
276 12
4 12
8 12
20 24
4 24
8 24
24 24
8 24
24 24
8 24
128 24
308 12
4 12
8 12
24 24
8 24
24 24
8 24
128 24
344 12
8 12
24 24
8 24
128 24
376 12
8 12
128 24
2048 6
4916 12
4 12
8 12
56 24
8 24
128 24
888 12
8 12
128 12
15
15 6
8 24
8 24
20 12
4 24
8 24
24 24
8 24
24 24
8 24
128 24
20 12
4 12
8 12
20 24
4 24
8 24
24 24
8 24
24 24
8 24
128 24
308 12
4 12
8 12
24 24
8 24
24 24
8 24
128 24
344 12
8 12
24 24
8 24
128 24
376 12
8 12
128 24
2048 6
276 12
4 12
8 12
20 24
4 24
8 24
24 24
8 24
24 24
8 24
128 24
308 12
4 12
8 12
24 24
8 24
24 24
8 24
128 24
344 12
8 12
24 24
8 24
128 24
376 12
8 12
128 24
6964 12
4 12
8 12
56 24
8 24
128 12
888 12
8 12
23
23 6
8 24
32 12
24 12
8 24
32 12
128 12
8 12
8 24
8 12
8 24
32 12
24 12
8 24
32 12
128 12
264 24
8 24
8 12
8 24
32 12
24 12
8 24
32 12
128 12
264 24
8 24
8 24
8 24
24 24
8 24
24 24
8 24
24 24
8 24
128 24
264 24
8 24
8 24
8 24
24 24
8 24
24 24
8 24
24 24
8 24
128 24
1808 24
16 24
32 24
32 24
32 24
1432 12
8 24
32 12
24 12
8 24
32 12
128 12
280 12
8 24
32 12
24 12
8 24
32 12
128 6
1824 24
32 24
32 24
32 12
31
31 12
24 12
8 24
24 24
8 24
24 24
8 24
128 24
16 12
8 24
8 24
20 24
4 24
8 24
24 24
8 24
24 24
8 24
128 24
272 24
4 12
4 24
8 24
20 24
4 24
8 24
24 24
8 24
24 24
8 24
128 24
264 24
8 24
8 24
8 24
24 24
8 24
24 24
8 24
24 24
8 24
128 24
264 24
8 24
8 24
8 24
24 24
8 24
24 24
8 24
24 24
8 24
128 12
1808 24
16 24
32 24
32 24
32 12
404 24
4 24
8 24
20 24
4 24
8 24
24 24
8 24
24 24
8 24
128 24
276 24
4 24
8 24
20 24
4 24
8 24
24 24
8 24
24 24
8 24
128 12
280 24
8 24
24 24
8 24
24 24
8 24
24 24
8 24
128 24
280 24
8 24
24 24
8 24
24 24
8 24
24 24
8 24
1952 24
32 24
32 24
5076 24
4 24
8 24
56 24
960 24
8 12
56 24
63
63 6
24 12
8 24
32 12
128 12
24 12
8 24
32 12
24 12
8 24
32 12
128 12
272 12
8 12
8 24
32 12
24 12
8 24
32 12
128 6
264 24
8 24
8 24
8 24
24 24
8 24
24 24
8 24
24 24
8 24
128 24
264 24
8 24
8 24
8 24
24 24
8 24
24 24
8 24
24 24
8 24
1936 24
16 24
32 12
32 24
1464 12
8 24
32 12
24 12
8 24
32 12
128 12
280 12
8 24
32 12
24 12
8 24
32 12
1952 24
64 24
87
87 6
8 24
32 12
128 12
24 12
8 24
32 12
24 12
8 24
32 12
128 12
280 12
8 24
32 12
24 12
8 24
32 12
392 12
8 24
8 24
8 24
24 24
8 24
24 24
8 24
24 24
8 24
128 24
264 24
8 24
8 24
8 24
24 24
8 24
24 24
8 24
24 24
8 24
1936 24
16 24
64 24
1464 12
8 24
32 12
24 12
8 24
32 12
128 6
280 12
8 24
32 12
24 12
8 24
32 12
1952 24
64 12
95
95 12
24 12
8 24
128 24
24 24
8 24
24 24
8 24
24 24
8 24
24 24
8 24
128 24
280 24
8 24
24 24
8 24
24 24
8 24
24 24
8 24
400 12
8 24
8 24
24 24
8 24
24 24
8 24
24 24
8 24
128 12
264 24
8 24
8 24
8 24
24 24
8 24
24 24
8 24
24 24
8 24
1936 24
16 24
64 12
440 24
8 24
24 24
8 24
24 24
8 24
24 24
8 24
128 12
276 12
4 24
8 24
20 24
4 24
8 24
24 24
8 24
24 24
8 24
408 24
8 24
24 24
8 24
24 24
8 24
24 24
8 24
408 24
8 24
24 24
8 24
24 24
8 24
24 24
8 24
1952 24
5140 24
4 24
1024 12
127
127 6
128 12
24 12
8 24
32 12
24 12
8 24
32 12
128 6
280 12
8 24
32 12
24 12
8 24
32 12
408 24
8 24
24 24
8 24
24 24
8 24
24 24
8 24
400 12
8 24
8 24
24 24
8 24
24 24
8 24
24 24
8 24
1936 24
16 12
1528 12
8 24
32 12
24 12
8 24
32 12
408 12
8 24
32 12
24 12
8 24
32 12
255
255 3
24 12
8 24
32 12
24 12
8 24
32 6
408 12
8 24
32 6
24 12
8 24
440 24
8 24
24 24
32 24
8 12
24 12
416 24
8 12
24 12
32 24
1976 6
1544 12
64 6
448 6
279
279 2
8 12
32 12
24 12
8 24
32 12
448 4
24 12
8 24
32 12
472 12
8 12
24 24
8 24
504 12
8 12
3544 4
8 12
32 12
512 2
287
287 6
24 12
8 24
24 24
8 24
24 24
8 24
440 12
8 12
24 24
8 24
24 24
8 24
472 12
8 12
24 24
8 24
504 12
8 6
2456 12
8 12
24 24
8 24
24 24
8 24
24 24
8 24
440 12
8 12
24 24
8 24
24 24
8 12
472 12
8 12
24 24
8 24
504 12
319
319 6
24 12
8 24
32 12
416 12
32 12
24 12
8 24
32 6
408 24
8 24
24 24
8 24
24 24
8 24
24 24
8 24
408 24
8 24
24 24
8 12
24 24
8 24
24 24
3488 12
8 24
32 12
24 12
8 24
32 12
408 12
8 24
56 12
8 24
343
343 6
8 24
32 12
448 12
24 12
8 24
440 12
8 24
24 24
8 24
24 24
8 24
24 24
8 24
408 24
8 24
24 24
32 24
8 24
24 24
3488 12
8 24
32 12
24 12
8 24
32 6
408 12
8 24
56 12
8 12
351
351 12
24 12
8 24
448 24
24 24
8 24
24 24
424 12
24 24
8 24
24 24
8 24
24 24
8 12
408 24
8 24
24 24
32 24
8 12
24 24
2472 24
32 24
24 24
8 24
24 24
8 12
408 12
8 24
24 24
32 24
8 24
24 24
416 24
8 24
24 24
8 24
24 24
8 24
24 24
416 24
32 12
32 24
383
383 3
448 6
24 12
8 24
472 24
32 24
8 12
24 12
424 6
24 12
32 24
3520 12
64 6
448 6
831
831 1
24 12
8 12
504 12
8 6
24 12
4064 2
855
855 6
8 24
472 12
8 24
24 24
8 24
24 24
448 24
32 24
32 12
3488 12
8 24
32 6
24 12
8 24
440 12
64 12
863
863 6
24 12
456 6
24 24
8 12
24 24
448 12
32 24
2560 24
32 24
480 12
448 24
32 12
32 12
1367
1367 6
8 12
24 24
3040 12
8 24
24 24
480 24
512 12
8 6
24 12
1375
1375 3
24 24
3072 6
480 12
512 6
1399
1399 6
480 12
2568 6
504 12
512 12
5463
5463 1
