3
3 1
4 6
8 6
8 6
8 12
32 6
24 6
8 12
32 6
152 2
8 6
32 6
24 6
8 12
32 6
448 2
24 6
8 12
32 6
472 6
8 6
24 12
8 12
504 6
8 6
3544 2
8 6
32 6
512 2
7
7 3
8 6
4 6
4 12
8 12
20 12
4 12
8 12
24 12
8 12
24 12
8 12
148 6
4 6
8 6
20 12
4 12
8 12
24 12
8 12
24 12
8 12
436 6
4 6
8 6
24 12
8 12
24 12
8 12
472 6
8 6
24 12
8 12
504 6
8 6
2452 6
4 6
8 6
20 12
4 12
8 12
24 12
8 12
24 12
8 12
436 6
4 6
8 6
24 12
8 12
24 12
8 12
472 6
8 6
24 12
8 12
504 6
8 6
15
15 3
8 12
8 12
20 6
4 12
8 12
24 12
8 12
24 12
8 12
148 6
4 6
8 6
20 12
4 12
8 12
24 12
8 12
24 12
8 12
436 6
4 6
8 6
24 12
8 12
24 12
8 12
472 6
8 6
24 12
8 12
504 6
8 6
2452 6
4 6
8 6
20 12
4 12
8 12
24 12
8 12
24 12
8 12
436 6
4 6
8 6
24 12
8 12
24 12
8 12
472 6
8 6
24 12
8 12
504 6
8 6
23
23 3
8 12
32 6
24 6
8 12
32 6
136 6
8 12
8 6
8 12
32 6
24 6
8 12
32 6
392 12
8 12
8 6
8 12
32 6
24 6
8 12
32 6
392 12
8 12
8 12
8 12
24 12
8 12
24 12
8 12
24 12
8 12
392 12
8 12
8 12
8 12
24 12
8 12
24 12
8 12
24 12
8 12
3480 6
8 12
32 6
24 6
8 12
32 6
408 6
8 12
32 6
24 6
8 12
32 6
31
31 6
24 6
8 12
24 12
8 12
24 12
8 12
144 6
8 12
8 12
20 12
4 12
8 12
24 12
8 12
24 12
8 12
400 12
4 6
4 12
8 12
20 12
4 12
8 12
24 12
8 12
24 12
8 12
392 12
8 12
8 12
8 12
24 12
8 12
24 12
8 12
24 12
8 12
392 12
8 12
8 12
8 12
24 12
8 12
24 12
8 12
24 12
8 12
2452 12
4 12
8 12
20 12
4 12
8 12
24 12
8 12
24 12
8 12
404 12
4 12
8 12
20 12
4 12
8 12
24 12
8 12
24 12
8 12
408 12
8 12
24 12
8 12
24 12
8 12
24 12
8 12
408 12
8 12
24 12
8 12
24 12
8 12
24 12
8 12
63
63 3
24 6
8 12
32 6
152 6
8 12
32 6
24 6
8 12
32 6
400 6
8 6
8 12
32 6
24 6
8 12
32 6
392 12
8 12
8 12
8 12
24 12
8 12
24 12
8 12
24 12
8 12
392 12
8 12
8 12
8 12
24 12
8 12
24 12
8 12
24 12
8 12
3480 6
8 12
32 6
24 6
8 12
32 6
408 6
8 12
32 6
24 6
8 12
32 6
87
87 3
8 12
32 6
152 6
8 12
32 6
24 6
8 12
32 6
408 6
8 12
32 6
24 6
8 12
32 6
392 6
8 12
8 12
8 12
24 12
8 12
24 12
8 12
24 12
8 12
392 12
8 12
8 12
8 12
24 12
8 12
24 12
8 12
24 12
8 12
3480 6
8 12
32 6
24 6
8 12
32 6
408 6
8 12
32 6
24 6
8 12
32 6
95
95 6
24 6
8 12
152 12
8 12
24 12
8 12
24 12
8 12
24 12
8 12
408 12
8 12
24 12
8 12
24 12
8 12
24 12
8 12
400 6
8 12
8 12
24 12
8 12
24 12
8 12
24 12
8 12
392 12
8 12
8 12
8 12
24 12
8 12
24 12
8 12
24 12
8 12
2456 12
8 12
24 12
8 12
24 12
8 12
24 12
8 12
404 6
4 12
8 12
20 12
4 12
8 12
24 12
8 12
24 12
8 12
408 12
8 12
24 12
8 12
24 12
8 12
24 12
8 12
408 12
8 12
24 12
8 12
24 12
8 12
24 12
8 12
127
127 3
152 6
8 12
32 6
24 6
8 12
32 6
408 6
8 12
32 6
24 6
8 12
32 6
408 12
8 12
24 12
8 12
24 12
8 12
24 12
8 12
400 6
8 12
8 12
24 12
8 12
24 12
8 12
24 12
8 12
3480 6
8 12
32 6
24 6
8 12
32 6
408 6
8 12
32 6
24 6
8 12
32 6
279
279 1
8 6
32 6
24 6
8 12
32 6
448 2
24 6
8 12
32 6
472 6
8 6
24 12
8 12
504 6
8 6
3544 2
8 6
32 6
512 2
287
287 3
24 6
8 12
24 12
8 12
24 12
8 12
440 6
8 6
24 12
8 12
24 12
8 12
472 6
8 6
24 12
8 12
504 6
8 6
2456 6
8 6
24 12
8 12
24 12
8 12
24 12
8 12
440 6
8 6
24 12
8 12
24 12
8 12
472 6
8 6
24 12
8 12
504 6
8 6
319
319 3
24 6
8 12
32 6
416 6
32 6
24 6
8 12
32 6
408 12
8 12
24 12
8 12
24 12
8 12
24 12
8 12
408 12
8 12
24 12
8 12
24 12
8 12
24 12
8 12
3480 6
8 12
32 6
24 6
8 12
32 6
408 6
8 12
32 6
24 6
8 12
32 6
343
343 3
8 12
32 6
448 6
24 6
8 12
32 6
408 6
8 12
24 12
8 12
24 12
8 12
24 12
8 12
408 12
8 12
24 12
8 12
24 12
8 12
24 12
8 12
3480 6
8 12
32 6
24 6
8 12
32 6
408 6
8 12
32 6
24 6
8 12
32 6
351
351 6
24 6
8 12
448 12
24 12
8 12
24 12
8 12
416 6
24 12
8 12
24 12
8 12
24 12
8 12
408 12
8 12
24 12
8 12
24 12
8 12
24 12
8 12
2464 12
32 12
24 12
8 12
24 12
8 12
408 6
8 12
24 12
8 12
24 12
8 12
24 12
8 12
408 12
8 12
24 12
8 12
24 12
8 12
24 12
8 12
408 12
8 12
24 12
8 12
24 12
8 12
24 12
8 12
383
383 3
448 6
24 6
8 12
32 6
440 12
8 12
24 12
8 12
24 12
8 12
416 6
24 12
8 12
24 12
8 12
24 12
8 12
3480 6
8 12
32 6
24 6
8 12
32 6
408 6
8 12
32 6
24 6
8 12
32 6
831
831 1
24 6
8 12
32 6
472 6
8 6
24 12
8 12
504 6
8 6
3544 2
8 6
32 6
512 2
855
855 3
8 12
32 6
440 6
8 12
24 12
8 12
24 12
8 12
440 12
8 12
24 12
8 12
24 12
8 12
3480 6
8 12
32 6
24 6
8 12
32 6
408 6
8 12
32 6
24 6
8 12
32 6
863
863 6
24 6
8 12
448 6
24 12
8 12
24 12
8 12
440 12
8 12
24 12
8 12
24 12
8 12
2520 12
8 12
24 12
8 12
416 6
32 12
24 12
8 12
24 12
8 12
408 12
8 12
24 12
8 12
24 12
8 12
24 12
8 12
408 12
8 12
24 12
8 12
24 12
8 12
24 12
8 12
895
895 3
472 12
8 12
24 12
8 12
448 6
24 12
8 12
24 12
8 12
3480 6
8 12
32 6
24 6
8 12
32 6
408 6
8 12
32 6
24 6
8 12
32 6
1367
1367 3
8 6
24 12
8 12
504 6
8 6
2520 6
8 12
24 12
8 12
472 12
8 12
24 12
8 12
472 6
8 6
24 12
8 12
504 6
8 6
1375
1375 3
24 12
8 12
504 6
8 6
2528 12
24 6
8 12
472 12
8 12
24 12
8 12
472 6
8 6
24 12
8 12
504 6
8 6
1399
1399 6
8 12
472 6
8 12
24 12
8 12
2528 6
32 12
472 12
8 12
24 12
8 12
440 6
8 12
24 12
8 12
24 12
8 12
416 12
24 12
8 12
24 12
8 12
24 12
8 12
1407
1407 6
480 6
24 12
8 12
2560 6
480 12
24 12
8 12
448 12
24 12
8 12
24 12
8 12
440 6
8 12
24 12
8 12
24 12
8 12
1911
1911 3
8 6
3040 6
32 12
472 6
8 6
24 12
8 12
504 6
8 6
1919
1919 3
3072 6
472 6
8 6
24 12
8 12
504 6
8 6
5463
5463 1
8 6
32 6
512 2
5471
5471 3
24 6
8 12
504 6
8 6
5503
5503 3
480 6
32 6
6015
6015 1
