0
0 1
1 2
2 8
4 12
8 12
8 8
8 24
32 24
64 8
152 2
8 12
32 24
64 8
448 8
24 6
8 24
32 24
1016 6
8 12
4096 2
1
1 1
2 8
4 12
8 12
8 8
8 24
32 24
64 8
152 2
8 12
32 24
64 8
448 8
24 6
8 24
32 24
1016 6
8 12
4096 2
3
3 4
2 12
2 24
8 24
6 24
2 24
8 48
32 24
22 24
2 24
8 48
32 24
150 8
2 8
8 24
32 24
22 24
2 24
8 48
32 24
448 8
24 24
8 48
32 24
470 24
2 24
8 24
24 48
8 48
504 24
8 24
3542 8
2 8
8 24
32 24
512 8
7
7 6
8 12
4 24
4 24
8 24
20 48
4 48
8 48
56 24
8 24
146 6
2 24
4 12
8 12
20 48
4 48
8 48
56 24
8 24
436 24
4 24
8 24
24 24
8 24
24 48
8 48
1016 12
8 12
2450 12
2 24
4 12
8 12
20 48
4 48
8 48
56 24
8 24
436 24
4 24
8 24
24 24
8 24
24 48
8 48
1016 12
8 12
15
15 6
8 24
8 24
20 24
4 48
8 48
56 24
8 24
148 24
4 12
8 12
20 48
4 48
8 48
56 24
8 24
436 24
4 24
8 24
24 24
8 24
24 48
8 48
1016 12
8 12
2450 6
2 24
4 12
8 12
20 48
4 48
8 48
56 24
8 24
436 24
4 24
8 24
24 24
8 24
24 48
8 48
1016 12
8 12
23
23 4
8 24
32 24
64 8
136 12
8 24
8 8
8 24
32 24
64 8
392 48
8 48
8 24
8 48
32 24
24 24
8 48
32 24
904 24
8 24
8 24
8 24
24 48
8 48
56 24
8 24
3992 8
8 24
32 24
64 8
31
31 12
24 24
8 48
56 24
8 24
144 12
8 24
8 24
20 48
4 48
8 48
56 24
8 24
400 48
4 24
4 48
8 48
20 48
4 48
8 48
24 48
8 48
24 48
8 48
904 24
8 24
8 24
8 24
24 48
8 48
56 24
8 24
2452 24
4 24
8 24
20 48
4 48
8 48
56 24
8 24
404 48
4 48
8 48
20 48
4 48
8 48
24 48
8 48
24 48
8 48
920 24
8 24
24 48
8 48
56 24
8 24
63
63 12
32 24
32 24
152 24
8 48
32 24
24 24
8 48
32 24
400 24
8 24
8 48
32 24
24 24
8 48
32 24
400 24
8 48
8 48
24 48
8 48
22 48
2 48
8 48
24 48
8 48
400 48
8 48
8 48
24 48
8 48
24 48
8 48
24 48
8 48
3478 12
2 24
8 48
32 24
22 24
2 24
8 48
32 24
408 24
8 48
32 24
24 24
8 48
32 24
127
127 4
152 8
8 24
32 24
64 8
408 24
8 48
32 24
24 24
8 48
32 24
912 12
8 24
8 24
24 48
8 48
56 24
8 24
3992 8
8 24
32 24
64 8
279
279 1
8 12
32 24
64 8
448 8
24 6
8 24
32 24
1016 6
8 12
4096 2
287
287 6
24 24
8 48
56 24
8 24
440 24
8 24
24 24
8 24
24 48
8 48
1016 12
8 12
2456 6
8 12
24 48
8 48
56 24
8 24
440 24
8 24
24 24
8 24
24 48
8 48
1016 12
8 12
319
319 12
32 24
32 24
416 24
32 24
24 24
8 48
32 24
416 24
24 48
8 48
24 48
8 48
24 48
8 48
416 48
24 48
8 48
24 48
8 48
24 48
8 48
3480 12
8 48
32 24
24 24
8 48
32 24
408 24
8 48
32 24
24 24
8 48
32 24
383
383 4
448 24
24 24
8 48
32 24
928 12
24 48
8 48
56 24
8 24
3992 8
8 24
32 24
64 8
831
831 4
24 24
8 48
32 24
480 12
24 48
8 48
504 24
8 24
3552 24
32 24
512 8
855
855 3
8 24
32 24
440 6
8 24
56 24
8 48
504 12
8 24
3520 6
64 12
512 6
863
863 12
24 24
8 48
448 12
56 48
8 48
504 24
8 24
2528 24
32 48
448 48
24 12
8 24
24 48
8 48
440 12
8 24
56 48
8 48
504 24
8 24
895
895 12
512 24
448 24
32 24
24 48
8 48
3520 24
32 48
32 24
448 24
24 12
8 48
32 24
1911
1911 3
8 12
3040 6
32 24
1024 6
1919
1919 6
3072 24
1016 6
8 12
6015
6015 1
