23
23 2
8 12
32 12
64 4
128 4
24 4
8 12
32 12
64 4
128 4
280 12
8 36
32 36
64 12
128 12
792 12
8 36
32 36
64 12
128 12
3864 4
8 12
32 12
64 4
128 2
31
31 6
24 12
8 24
56 12
8 12
128 12
24 12
8 12
24 24
8 24
56 12
8 12
128 12
280 36
8 36
24 72
8 72
56 36
8 36
128 36
792 36
8 36
24 72
8 72
56 36
8 36
128 18
3864 12
8 12
24 24
8 24
56 12
8 12
63
63 6
32 12
32 12
128 12
24 12
8 24
32 12
24 12
8 24
32 12
128 12
280 36
8 72
32 36
24 36
8 72
32 36
128 18
792 36
8 72
32 36
24 36
8 72
32 36
3992 12
8 24
32 12
24 12
8 24
32 12
127
127 2
128 4
24 4
8 12
32 12
64 4
128 2
280 12
8 36
32 36
64 12
920 12
8 36
32 36
64 12
3992 4
8 12
32 12
64 4
255
255 1
24 4
8 12
32 12
64 2
408 12
8 36
32 18
984 12
8 18
4088 2
279
279 2
8 12
32 12
64 4
408 12
8 36
32 36
64 12
920 12
8 36
32 36
64 12
3992 4
8 12
32 12
64 2
287
287 6
24 12
8 24
56 12
8 12
408 36
8 36
24 72
8 72
56 36
8 36
920 36
8 36
24 72
8 72
56 36
8 18
3992 12
8 12
24 24
8 24
56 12
319
319 6
32 12
32 12
408 36
8 72
32 36
24 36
8 72
32 18
920 36
8 72
32 36
24 36
8 72
4024 12
8 24
32 12
24 12
8 24
383
383 1
408 12
8 36
32 18
984 12
8 18
4088 2
791
791 6
8 36
32 36
472 12
8 72
32 72
472 24
8 72
32 72
3544 12
8 36
32 36
472 12
8 36
32 18
799
799 18
24 36
8 72
56 36
424 36
24 72
8 144
56 72
416 72
8 72
24 144
8 72
56 72
3488 36
8 36
24 72
64 18
416 36
8 36
24 72
831
831 9
32 36
512 36
440 72
8 72
56 72
3520 36
64 18
448 18
1815
1815 6
8 36
3064 12
8 72
1016 12
8 18
1823
1823 9
24 36
3072 36
992 18
5911
5911 1
