15
15 1
16 2
32 4
64 2
128 2
16 2
16 2
32 4
64 2
128 2
272 4
16 4
32 8
64 4
128 4
784 2
16 2
32 4
64 2
128 2
31
31 1
32 4
64 2
128 2
16 2
16 2
32 4
64 2
128 2
272 4
16 4
32 8
64 4
128 4
784 2
16 2
32 4
64 2
128 2
63
63 2
32 2
32 4
128 4
16 4
16 4
32 4
32 4
32 4
128 4
272 8
16 8
32 8
32 8
32 8
128 8
784 4
16 4
32 4
32 4
32 4
128 4
127
127 1
128 2
16 2
16 2
32 4
64 2
128 2
272 4
16 4
32 8
64 4
128 4
784 2
16 2
32 4
64 2
128 2
255
255 1
16 2
16 2
32 4
64 2
128 2
272 4
16 4
32 8
64 4
128 4
784 2
16 2
32 4
64 2
128 2
271
271 1
16 2
32 4
64 2
128 2
272 4
16 4
32 8
64 4
128 4
784 2
16 2
32 4
64 2
128 2
287
287 1
32 4
64 2
128 2
272 4
16 4
32 8
64 4
128 4
784 2
16 2
32 4
64 2
128 2
319
319 2
32 2
32 4
128 4
272 8
16 8
32 8
32 8
32 8
128 8
784 4
16 4
32 4
32 4
32 4
128 4
383
383 1
128 2
272 4
16 4
32 8
64 4
128 4
784 2
16 2
32 4
64 2
128 2
511
511 1
272 4
16 4
32 8
64 4
128 4
784 2
16 2
32 4
64 2
128 2
783
783 2
16 4
32 8
64 4
128 4
272 2
16 4
32 8
64 4
128 4
272 4
16 4
32 8
64 4
128 4
799
799 2
32 8
64 4
128 4
288 2
32 8
64 4
128 4
272 4
16 4
32 8
64 4
128 4
831
831 4
32 4
32 8
128 8
320 4
32 4
32 8
128 8
272 8
16 8
32 8
32 8
32 8
128 8
895
895 2
128 4
384 2
128 4
272 4
16 4
32 8
64 4
128 4
1023
1023 2
512 2
272 4
16 4
32 8
64 4
128 4
1807
1807 1
16 2
32 4
64 2
128 2
1823
1823 1
32 4
64 2
128 2
1855
1855 2
32 2
32 4
128 4
1919
1919 1
128 2
2047
2047 1
