15
15 1
16 2
32 4
64 2
128 2
16 2
16 2
32 4
64 2
128 2
3872 2
32 4
64 2
128 2
31
31 1
32 4
64 2
128 2
16 2
16 2
32 4
64 2
128 2
3872 2
32 4
64 2
128 2
63
63 2
32 2
32 4
128 4
16 4
16 4
32 4
32 4
32 4
128 4
3872 4
32 4
32 4
32 4
128 4
127
127 1
128 2
16 2
16 2
32 4
64 2
128 2
3872 2
32 4
64 2
128 2
255
255 1
16 2
16 2
32 4
64 2
128 2
3872 2
32 4
64 2
128 2
271
271 1
16 2
32 4
64 2
128 2
3872 2
32 4
64 2
128 2
287
287 1
32 4
64 2
128 2
3872 2
32 4
64 2
128 2
319
319 2
32 2
32 4
128 4
3872 4
32 4
32 4
32 4
128 4
383
383 1
128 2
3872 2
32 4
64 2
128 2
511
511 1
3872 2
32 4
64 2
128 2
4383
4383 1
32 4
64 2
128 2
4415
4415 2
32 2
32 4
128 4
4479
4479 1
128 2
4607
4607 1
