0
0 1
1 2
2 2
2 4
2 4
8 4
6 2
2 2
8 4
32 2
22 2
2 2
8 4
32 2
130 2
2 2
2 4
2 4
8 4
6 2
2 2
8 4
32 2
22 2
2 2
8 4
32 2
388 2
4 4
8 4
8 2
8 4
32 2
24 2
8 4
32 2
1
1 1
2 2
2 4
2 4
8 4
6 2
2 2
8 4
32 2
22 2
2 2
8 4
32 2
130 2
2 2
2 4
2 4
8 4
6 2
2 2
8 4
32 2
22 2
2 2
8 4
32 2
388 2
4 4
8 4
8 2
8 4
32 2
24 2
8 4
32 2
3
3 1
2 4
2 4
8 4
6 2
2 2
8 4
32 2
22 2
2 2
8 4
32 2
130 2
2 2
2 4
2 4
8 4
6 2
2 2
8 4
32 2
22 2
2 2
8 4
32 2
388 2
4 4
8 4
8 2
8 4
32 2
24 2
8 4
32 2
5
5 2
2 4
8 4
2 2
2 4
2 4
2 4
8 4
20 4
4 4
8 4
22 4
2 4
8 4
24 4
8 4
130 4
2 4
2 4
2 4
8 4
2 4
2 4
2 4
2 4
8 4
20 4
4 4
8 4
22 4
2 4
8 4
24 4
8 4
388 4
4 4
8 4
4 4
4 4
8 4
20 4
4 4
8 4
24 4
8 4
24 4
8 4
7
7 2
8 4
4 2
2 4
2 4
8 4
20 4
4 4
8 4
22 4
2 4
8 4
24 4
8 4
130 4
2 4
2 4
2 4
8 4
2 4
2 4
2 4
2 4
8 4
20 4
4 4
8 4
22 4
2 4
8 4
24 4
8 4
388 4
4 4
8 4
4 4
4 4
8 4
20 4
4 4
8 4
24 4
8 4
24 4
8 4
15
15 2
6 4
2 4
8 4
20 2
4 4
8 4
22 4
2 4
8 4
24 4
8 4
130 4
2 4
2 4
2 4
8 4
2 4
2 4
2 4
2 4
8 4
20 4
4 4
8 4
22 4
2 4
8 4
24 4
8 4
388 4
4 4
8 4
4 4
4 4
8 4
20 4
4 4
8 4
24 4
8 4
24 4
8 4
21
21 1
2 2
8 4
32 2
22 2
2 2
8 4
32 2
130 2
2 2
2 4
2 4
8 4
6 2
2 2
8 4
32 2
22 2
2 2
8 4
32 2
388 2
4 4
8 4
8 2
8 4
32 2
24 2
8 4
32 2
23
23 1
8 4
32 2
22 2
2 2
8 4
32 2
130 2
2 2
2 4
2 4
8 4
6 2
2 2
8 4
32 2
22 2
2 2
8 4
32 2
388 2
4 4
8 4
8 2
8 4
32 2
24 2
8 4
32 2
31
31 2
24 2
8 4
22 4
2 4
8 4
24 4
8 4
130 4
2 4
2 4
2 4
8 4
2 4
2 4
2 4
2 4
8 4
20 4
4 4
8 4
22 4
2 4
8 4
24 4
8 4
388 4
4 4
8 4
4 4
4 4
8 4
20 4
4 4
8 4
24 4
8 4
24 4
8 4
63
63 1
22 2
2 2
8 4
32 2
130 2
2 2
2 4
2 4
8 4
6 2
2 2
8 4
32 2
22 2
2 2
8 4
32 2
388 2
4 4
8 4
8 2
8 4
32 2
24 2
8 4
32 2
85
85 1
2 2
8 4
32 2
130 2
2 2
2 4
2 4
8 4
6 2
2 2
8 4
32 2
22 2
2 2
8 4
32 2
388 2
4 4
8 4
8 2
8 4
32 2
24 2
8 4
32 2
87
87 1
8 4
32 2
130 2
2 2
2 4
2 4
8 4
6 2
2 2
8 4
32 2
22 2
2 2
8 4
32 2
388 2
4 4
8 4
8 2
8 4
32 2
24 2
8 4
32 2
95
95 2
24 2
8 4
130 4
2 4
2 4
2 4
8 4
2 4
2 4
2 4
2 4
8 4
20 4
4 4
8 4
22 4
2 4
8 4
24 4
8 4
388 4
4 4
8 4
4 4
4 4
8 4
20 4
4 4
8 4
24 4
8 4
24 4
8 4
127
127 1
130 2
2 2
2 4
2 4
8 4
6 2
2 2
8 4
32 2
22 2
2 2
8 4
32 2
388 2
4 4
8 4
8 2
8 4
32 2
24 2
8 4
32 2
257
257 1
2 2
2 4
2 4
8 4
6 2
2 2
8 4
32 2
22 2
2 2
8 4
32 2
388 2
4 4
8 4
8 2
8 4
32 2
24 2
8 4
32 2
259
259 1
2 4
2 4
8 4
6 2
2 2
8 4
32 2
22 2
2 2
8 4
32 2
388 2
4 4
8 4
8 2
8 4
32 2
24 2
8 4
32 2
261
261 2
2 4
8 4
2 2
2 4
2 4
2 4
8 4
20 4
4 4
8 4
22 4
2 4
8 4
24 4
8 4
388 4
4 4
8 4
4 4
4 4
8 4
20 4
4 4
8 4
24 4
8 4
24 4
8 4
263
263 2
8 4
4 2
2 4
2 4
8 4
20 4
4 4
8 4
22 4
2 4
8 4
24 4
8 4
388 4
4 4
8 4
4 4
4 4
8 4
20 4
4 4
8 4
24 4
8 4
24 4
8 4
271
271 2
6 4
2 4
8 4
20 2
4 4
8 4
22 4
2 4
8 4
24 4
8 4
388 4
4 4
8 4
4 4
4 4
8 4
20 4
4 4
8 4
24 4
8 4
24 4
8 4
277
277 1
2 2
8 4
32 2
22 2
2 2
8 4
32 2
388 2
4 4
8 4
8 2
8 4
32 2
24 2
8 4
32 2
279
279 1
8 4
32 2
22 2
2 2
8 4
32 2
388 2
4 4
8 4
8 2
8 4
32 2
24 2
8 4
32 2
287
287 2
24 2
8 4
22 4
2 4
8 4
24 4
8 4
388 4
4 4
8 4
4 4
4 4
8 4
20 4
4 4
8 4
24 4
8 4
24 4
8 4
319
319 1
22 2
2 2
8 4
32 2
388 2
4 4
8 4
8 2
8 4
32 2
24 2
8 4
32 2
341
341 1
2 2
8 4
32 2
388 2
4 4
8 4
8 2
8 4
32 2
24 2
8 4
32 2
343
343 1
8 4
32 2
388 2
4 4
8 4
8 2
8 4
32 2
24 2
8 4
32 2
351
351 2
24 2
8 4
388 4
4 4
8 4
4 4
4 4
8 4
20 4
4 4
8 4
24 4
8 4
24 4
8 4
383
383 1
388 2
4 4
8 4
8 2
8 4
32 2
24 2
8 4
32 2
771
771 1
4 4
8 4
8 2
8 4
32 2
24 2
8 4
32 2
775
775 2
8 4
4 2
4 4
8 4
20 4
4 4
8 4
24 4
8 4
24 4
8 4
783
783 2
8 4
8 4
20 2
4 4
8 4
24 4
8 4
24 4
8 4
791
791 1
8 4
32 2
24 2
8 4
32 2
799
799 2
24 2
8 4
24 4
8 4
24 4
8 4
831
831 1
24 2
8 4
32 2
855
855 1
8 4
32 2
863
863 2
24 2
8 4
895
895 1
