23
23 1
8 2
24 4
8 4
56 2
8 2
152 2
8 2
24 4
8 4
56 2
8 2
408 4
8 4
24 8
8 8
56 4
8 4
920 2
8 2
24 4
8 4
56 2
8 2
1952 2
32 4
64 2
31
31 1
24 4
8 4
56 2
8 2
152 2
8 2
24 4
8 4
56 2
8 2
408 4
8 4
24 8
8 8
56 4
8 4
920 2
8 2
24 4
8 4
56 2
8 2
1952 2
32 4
64 2
55
55 2
8 4
24 2
8 4
24 4
8 4
152 4
8 4
24 4
8 4
24 4
8 4
24 4
8 4
408 8
8 8
24 8
8 8
24 8
8 8
24 8
8 8
920 4
8 4
24 4
8 4
24 4
8 4
24 4
8 4
1952 4
32 4
32 4
32 4
63
63 2
32 2
24 4
8 4
152 4
8 4
24 4
8 4
24 4
8 4
24 4
8 4
408 8
8 8
24 8
8 8
24 8
8 8
24 8
8 8
920 4
8 4
24 4
8 4
24 4
8 4
24 4
8 4
1952 4
32 4
32 4
32 4
119
119 1
8 2
152 2
8 2
24 4
8 4
56 2
8 2
408 4
8 4
24 8
8 8
56 4
8 4
920 2
8 2
24 4
8 4
56 2
8 2
1952 2
32 4
64 2
127
127 1
152 2
8 2
24 4
8 4
56 2
8 2
408 4
8 4
24 8
8 8
56 4
8 4
920 2
8 2
24 4
8 4
56 2
8 2
1952 2
32 4
64 2
279
279 1
8 2
24 4
8 4
56 2
8 2
408 4
8 4
24 8
8 8
56 4
8 4
920 2
8 2
24 4
8 4
56 2
8 2
1952 2
32 4
64 2
287
287 1
24 4
8 4
56 2
8 2
408 4
8 4
24 8
8 8
56 4
8 4
920 2
8 2
24 4
8 4
56 2
8 2
1952 2
32 4
64 2
311
311 2
8 4
24 2
8 4
24 4
8 4
408 8
8 8
24 8
8 8
24 8
8 8
24 8
8 8
920 4
8 4
24 4
8 4
24 4
8 4
24 4
8 4
1952 4
32 4
32 4
32 4
319
319 2
32 2
24 4
8 4
408 8
8 8
24 8
8 8
24 8
8 8
24 8
8 8
920 4
8 4
24 4
8 4
24 4
8 4
24 4
8 4
1952 4
32 4
32 4
32 4
375
375 1
8 2
408 4
8 4
24 8
8 8
56 4
8 4
920 2
8 2
24 4
8 4
56 2
8 2
1952 2
32 4
64 2
383
383 1
408 4
8 4
24 8
8 8
56 4
8 4
920 2
8 2
24 4
8 4
56 2
8 2
1952 2
32 4
64 2
791
791 2
8 4
24 8
8 8
56 4
8 4
408 2
8 4
24 8
8 8
56 4
8 4
408 4
8 4
24 8
8 8
56 4
8 4
1952 4
32 8
64 4
799
799 2
24 8
8 8
56 4
8 4
416 2
24 8
8 8
56 4
8 4
408 4
8 4
24 8
8 8
56 4
8 4
1952 4
32 8
64 4
823
823 4
8 8
24 4
8 8
24 8
8 8
440 4
8 8
24 4
8 8
24 8
8 8
408 8
8 8
24 8
8 8
24 8
8 8
24 8
8 8
1952 8
32 8
32 8
32 8
831
831 4
32 4
24 8
8 8
448 4
32 4
24 8
8 8
408 8
8 8
24 8
8 8
24 8
8 8
24 8
8 8
1952 8
32 8
32 8
32 8
887
887 2
8 4
504 2
8 4
408 4
8 4
24 8
8 8
56 4
8 4
1952 4
32 8
64 4
895
895 2
512 2
408 4
8 4
24 8
8 8
56 4
8 4
1952 4
32 8
64 4
1815
1815 1
8 2
24 4
8 4
56 2
8 2
1952 2
32 4
64 2
1823
1823 1
24 4
8 4
56 2
8 2
1952 2
32 4
64 2
1847
1847 2
8 4
24 2
8 4
24 4
8 4
1952 4
32 4
32 4
32 4
1855
1855 2
32 2
24 4
8 4
1952 4
32 4
32 4
32 4
1911
1911 1
8 2
1952 2
32 4
64 2
1919
1919 1
1952 2
32 4
64 2
3871
3871 1
32 4
64 2
3903
3903 2
32 2
32 4
3967
3967 1
