3
3 2
4 4
12 4
4 4
28 4
4 4
32 4
32 4
140 4
4 4
12 4
4 4
28 4
4 4
32 4
32 4
912 4
16 4
32 4
32 4
32 2
7
7 2
12 4
4 4
28 4
4 4
32 4
32 4
140 4
4 4
12 4
4 4
28 4
4 4
32 4
32 4
912 4
16 4
32 2
32 4
19
19 2
4 4
28 4
4 4
32 4
32 4
140 4
4 4
12 4
4 4
28 4
4 4
32 4
32 2
912 4
16 4
64 4
23
23 2
28 4
4 4
32 4
32 4
140 4
4 4
12 4
4 4
28 4
4 2
32 4
944 4
16 4
64 4
51
51 2
4 4
32 4
32 2
140 4
4 4
12 4
4 4
28 4
36 4
944 4
16 4
64 4
55
55 1
32 4
172 4
4 4
12 4
4 2
1008 2
87
87 2
172 4
4 4
12 4
4 4
28 2
36 4
944 4
16 4
64 4
259
259 2
4 4
12 4
4 4
64 4
944 4
16 4
64 2
263
263 2
12 4
4 4
64 4
944 4
16 2
275
275 2
4 4
64 2
944 4
279
279 1
1008 2
1287
1287 1
