1
1 1
2 4
4 2
8 2
2 4
2 4
2 4
2 4
8 4
54 4
2 4
8 4
178 2
2 4
4 2
8 2
54 4
2 4
8 4
504 2
8 2
3
3 2
2 2
2 4
8 4
2 4
2 4
2 4
2 4
8 4
54 4
2 4
8 4
162 4
2 4
2 4
2 4
8 4
2 4
2 4
2 4
2 4
8 4
54 4
2 4
8 4
420 4
4 4
8 4
4 4
4 4
8 4
56 4
8 4
7
7 1
8 2
2 4
2 4
2 4
2 4
8 4
54 4
2 4
8 4
178 2
2 4
4 2
8 2
54 4
2 4
8 4
504 2
8 2
15
15 1
2 4
2 4
2 4
2 4
8 4
54 4
2 4
8 4
178 2
2 4
4 2
8 2
54 4
2 4
8 4
504 2
8 2
17
17 2
2 4
2 4
2 4
8 4
54 4
2 4
8 4
162 2
2 4
2 4
2 4
8 4
2 4
2 4
2 4
2 4
8 4
54 4
2 4
8 4
420 4
4 4
8 4
4 4
4 4
8 4
56 4
8 4
19
19 2
2 4
2 4
8 4
54 4
2 4
8 4
164 4
2 2
2 4
8 4
2 4
2 4
2 4
2 4
8 4
54 4
2 4
8 4
420 4
4 4
8 4
4 4
4 4
8 4
56 4
8 4
21
21 2
2 4
8 4
54 4
2 4
8 4
164 2
4 4
8 4
2 4
2 4
2 4
2 4
8 4
54 4
2 4
8 4
420 4
4 4
8 4
4 4
4 4
8 4
56 4
8 4
23
23 2
8 4
54 4
2 4
8 4
168 2
8 4
2 4
2 4
2 4
2 4
8 4
54 4
2 4
8 4
420 4
4 4
8 4
4 4
4 4
8 4
56 4
8 4
31
31 2
54 4
2 4
8 4
176 2
2 4
2 4
2 4
2 4
8 4
54 4
2 4
8 4
420 4
4 4
8 4
4 4
4 4
8 4
56 4
8 4
85
85 2
2 4
8 4
178 4
2 4
2 4
2 4
8 4
54 4
2 4
8 4
420 2
4 4
8 4
4 4
4 4
8 4
56 4
8 4
87
87 2
8 4
178 4
2 4
2 4
2 4
8 4
54 4
2 4
8 4
424 2
8 4
4 4
4 4
8 4
56 4
8 4
95
95 2
178 4
2 4
2 4
2 4
8 4
54 4
2 4
8 4
432 2
4 4
4 4
8 4
56 4
8 4
273
273 1
2 4
4 2
8 2
54 4
2 4
8 4
504 2
8 2
275
275 2
2 2
2 4
8 4
54 4
2 4
8 4
436 4
4 4
8 4
56 4
8 4
279
279 1
8 2
54 4
2 4
8 4
504 2
8 2
287
287 1
54 4
2 4
8 4
504 2
8 2
341
341 2
2 4
8 4
436 2
4 4
8 4
56 4
8 4
343
343 2
8 4
440 2
8 4
56 4
8 4
351
351 2
448 2
56 4
8 4
855
855 1
8 2
863
863 1
