7
7 1
8 2
8 2
8 2
24 4
8 4
56 2
8 2
128 2
8 2
8 2
8 2
8 2
24 4
8 4
56 2
8 2
128 2
3864 2
8 2
24 4
8 4
56 2
8 2
128 2
15
15 1
8 2
8 2
24 4
8 4
56 2
8 2
128 2
8 2
8 2
8 2
8 2
24 4
8 4
56 2
8 2
128 2
3864 2
8 2
24 4
8 4
56 2
8 2
128 2
23
23 1
8 2
24 4
8 4
56 2
8 2
128 2
8 2
8 2
8 2
8 2
24 4
8 4
56 2
8 2
128 2
3864 2
8 2
24 4
8 4
56 2
8 2
128 2
31
31 1
24 4
8 4
56 2
8 2
128 2
8 2
8 2
8 2
8 2
24 4
8 4
56 2
8 2
128 2
3864 2
8 2
24 4
8 4
56 2
8 2
128 2
55
55 2
8 4
24 2
8 4
24 4
8 4
128 4
8 4
8 4
8 4
8 4
24 4
8 4
24 4
8 4
24 4
8 4
128 4
3864 4
8 4
24 4
8 4
24 4
8 4
24 4
8 4
128 4
63
63 2
32 2
24 4
8 4
128 4
8 4
8 4
8 4
8 4
24 4
8 4
24 4
8 4
24 4
8 4
128 4
3864 4
8 4
24 4
8 4
24 4
8 4
24 4
8 4
128 4
119
119 1
8 2
128 2
8 2
8 2
8 2
8 2
24 4
8 4
56 2
8 2
128 2
3864 2
8 2
24 4
8 4
56 2
8 2
128 2
127
127 1
128 2
8 2
8 2
8 2
8 2
24 4
8 4
56 2
8 2
128 2
3864 2
8 2
24 4
8 4
56 2
8 2
128 2
255
255 1
8 2
8 2
8 2
8 2
24 4
8 4
56 2
8 2
128 2
3864 2
8 2
24 4
8 4
56 2
8 2
128 2
263
263 1
8 2
8 2
8 2
24 4
8 4
56 2
8 2
128 2
3864 2
8 2
24 4
8 4
56 2
8 2
128 2
271
271 1
8 2
8 2
24 4
8 4
56 2
8 2
128 2
3864 2
8 2
24 4
8 4
56 2
8 2
128 2
279
279 1
8 2
24 4
8 4
56 2
8 2
128 2
3864 2
8 2
24 4
8 4
56 2
8 2
128 2
287
287 1
24 4
8 4
56 2
8 2
128 2
3864 2
8 2
24 4
8 4
56 2
8 2
128 2
311
311 2
8 4
24 2
8 4
24 4
8 4
128 4
3864 4
8 4
24 4
8 4
24 4
8 4
24 4
8 4
128 4
319
319 2
32 2
24 4
8 4
128 4
3864 4
8 4
24 4
8 4
24 4
8 4
24 4
8 4
128 4
375
375 1
8 2
128 2
3864 2
8 2
24 4
8 4
56 2
8 2
128 2
383
383 1
128 2
3864 2
8 2
24 4
8 4
56 2
8 2
128 2
511
511 1
3864 2
8 2
24 4
8 4
56 2
8 2
128 2
4375
4375 1
8 2
24 4
8 4
56 2
8 2
128 2
4383
4383 1
24 4
8 4
56 2
8 2
128 2
4407
4407 2
8 4
24 2
8 4
24 4
8 4
128 4
4415
4415 2
32 2
24 4
8 4
128 4
4471
4471 1
8 2
128 2
4479
4479 1
128 2
4607
4607 1
