0
0 1
1 2
2 4
4 2
8 2
2 4
2 8
4 4
8 4
242 2
2 4
4 2
8 2
1
1 1
2 4
4 2
8 2
2 4
2 8
4 4
8 4
242 2
2 4
4 2
8 2
3
3 2
2 2
2 4
8 4
2 8
2 8
2 8
2 8
8 8
242 4
2 4
2 4
2 4
8 4
7
7 1
8 2
2 4
2 8
4 4
8 4
242 2
2 4
4 2
8 2
15
15 1
2 4
2 8
4 4
8 4
242 2
2 4
4 2
8 2
17
17 2
2 8
4 4
8 4
226 2
2 8
4 4
8 4
2 4
2 8
4 4
8 4
19
19 4
2 4
2 8
8 8
228 4
2 4
2 8
8 8
2 8
2 8
2 8
2 8
8 8
23
23 2
8 4
232 2
8 4
2 4
2 8
4 4
8 4
31
31 2
240 2
2 4
2 8
4 4
8 4
273
273 1
2 4
4 2
8 2
275
275 2
2 2
2 4
8 4
279
279 1
8 2
287
287 1
