0
0 1
1 2
2 2
2 6
2 6
8 6
6 6
2 6
8 12
32 6
22 6
2 6
8 12
32 6
128 6
22 2
2 2
8 6
32 6
22 6
2 6
8 12
32 6
128 6
320 2
24 6
8 12
32 6
128 6
342 6
2 6
8 6
24 12
8 12
128 12
376 6
8 6
128 12
2048 6
1366 2
2 2
8 6
32 6
128 6
384 2
128 6
2048 6
8192 2
1
1 1
2 2
2 6
2 6
8 6
6 6
2 6
8 12
32 6
22 6
2 6
8 12
32 6
128 6
22 2
2 2
8 6
32 6
22 6
2 6
8 12
32 6
128 6
320 2
24 6
8 12
32 6
128 6
342 6
2 6
8 6
24 12
8 12
128 12
376 6
8 6
128 12
2048 6
1366 2
2 2
8 6
32 6
128 6
384 2
128 6
2048 6
8192 2
3
3 1
2 6
2 6
8 6
6 6
2 6
8 12
32 6
22 6
2 6
8 12
32 6
128 6
22 2
2 2
8 6
32 6
22 6
2 6
8 12
32 6
128 6
320 2
24 6
8 12
32 6
128 6
342 6
2 6
8 6
24 12
8 12
128 12
376 6
8 6
128 12
2048 6
1366 2
2 2
8 6
32 6
128 6
384 2
128 6
2048 6
8192 2
5
5 3
2 6
8 6
2 6
2 12
2 12
2 12
8 12
20 12
4 12
8 12
22 12
2 12
8 12
24 12
8 12
128 12
18 6
2 6
2 6
2 6
8 6
20 12
4 12
8 12
22 12
2 12
8 12
24 12
8 12
128 12
308 6
4 6
8 6
24 12
8 12
24 12
8 12
128 12
342 6
2 6
8 6
24 12
8 12
128 12
376 6
8 6
128 12
2048 6
274 6
2 6
2 6
2 6
8 6
20 12
4 12
8 12
22 12
2 12
8 12
24 12
8 12
128 12
308 6
4 6
8 6
24 12
8 12
24 12
8 12
128 12
342 6
2 6
8 6
24 12
8 12
128 12
376 6
8 6
128 12
2048 6
4916 6
4 6
8 6
56 12
8 12
128 12
888 6
8 6
128 12
2048 6
7
7 3
8 6
4 6
2 12
2 12
8 12
20 12
4 12
8 12
22 12
2 12
8 12
24 12
8 12
128 12
18 6
2 6
2 6
2 6
8 6
20 12
4 12
8 12
22 12
2 12
8 12
24 12
8 12
128 12
308 6
4 6
8 6
24 12
8 12
24 12
8 12
128 12
342 6
2 6
8 6
24 12
8 12
128 12
376 6
8 6
128 12
2048 6
274 6
2 6
2 6
2 6
8 6
20 12
4 12
8 12
22 12
2 12
8 12
24 12
8 12
128 12
308 6
4 6
8 6
24 12
8 12
24 12
8 12
128 12
342 6
2 6
8 6
24 12
8 12
128 12
376 6
8 6
128 12
2048 6
4916 6
4 6
8 6
56 12
8 12
128 12
888 6
8 6
128 12
2048 6
15
15 3
6 12
2 12
8 12
20 6
4 12
8 12
22 12
2 12
8 12
24 12
8 12
128 12
18 6
2 6
2 6
2 6
8 6
20 12
4 12
8 12
22 12
2 12
8 12
24 12
8 12
128 12
308 6
4 6
8 6
24 12
8 12
24 12
8 12
128 12
342 6
2 6
8 6
24 12
8 12
128 12
376 6
8 6
128 12
2048 6
274 6
2 6
2 6
2 6
8 6
20 12
4 12
8 12
22 12
2 12
8 12
24 12
8 12
128 12
308 6
4 6
8 6
24 12
8 12
24 12
8 12
128 12
342 6
2 6
8 6
24 12
8 12
128 12
376 6
8 6
128 12
2048 6
4916 6
4 6
8 6
56 12
8 12
128 12
888 6
8 6
128 12
2048 6
21
21 3
2 6
8 12
32 6
22 6
2 6
8 12
32 6
128 6
6 6
2 12
8 12
6 6
2 6
8 12
32 6
22 6
2 6
8 12
32 6
128 6
264 12
8 12
8 6
8 12
32 6
24 6
8 12
32 6
128 6
262 12
2 12
8 12
6 12
2 12
8 12
24 12
8 12
22 12
2 12
8 12
24 12
8 12
128 12
264 12
8 12
8 12
8 12
24 12
8 12
24 12
8 12
24 12
8 12
128 12
1808 12
16 12
32 12
32 12
32 12
128 12
1302 6
2 6
8 12
32 6
22 6
2 6
8 12
32 6
128 6
280 6
8 12
32 6
24 6
8 12
32 6
128 6
1824 12
32 12
32 12
32 12
128 12
8000 6
64 6
128 6
23
23 3
8 12
32 6
22 6
2 6
8 12
32 6
128 6
8 6
8 12
6 6
2 6
8 12
32 6
22 6
2 6
8 12
32 6
128 6
264 12
8 12
8 6
8 12
32 6
24 6
8 12
32 6
128 6
262 12
2 12
8 12
6 12
2 12
8 12
24 12
8 12
22 12
2 12
8 12
24 12
8 12
128 12
264 12
8 12
8 12
8 12
24 12
8 12
24 12
8 12
24 12
8 12
128 12
1808 12
16 12
32 12
32 12
32 12
128 12
1302 6
2 6
8 12
32 6
22 6
2 6
8 12
32 6
128 6
280 6
8 12
32 6
24 6
8 12
32 6
128 6
1824 12
32 12
32 12
32 12
128 12
8000 6
64 6
128 6
31
31 6
24 6
8 12
22 12
2 12
8 12
24 12
8 12
128 12
16 6
6 12
2 12
8 12
20 12
4 12
8 12
22 12
2 12
8 12
24 12
8 12
128 12
272 12
4 6
4 12
8 12
20 12
4 12
8 12
24 12
8 12
24 12
8 12
128 12
262 12
2 12
8 12
6 12
2 12
8 12
24 12
8 12
22 12
2 12
8 12
24 12
8 12
128 12
264 12
8 12
8 12
8 12
24 12
8 12
24 12
8 12
24 12
8 12
128 12
1808 12
16 12
32 12
32 12
32 12
128 12
274 12
2 12
2 12
2 12
8 12
20 12
4 12
8 12
22 12
2 12
8 12
24 12
8 12
128 12
276 12
4 12
8 12
20 12
4 12
8 12
24 12
8 12
24 12
8 12
128 12
278 12
2 12
8 12
24 12
8 12
22 12
2 12
8 12
24 12
8 12
128 12
280 12
8 12
24 12
8 12
24 12
8 12
24 12
8 12
128 12
1824 12
32 12
32 12
32 12
128 12
4916 12
4 12
8 12
56 12
8 12
128 12
824 12
8 12
56 12
8 12
128 12
1856 12
64 12
128 12
63
63 3
22 6
2 6
8 12
32 6
128 6
22 6
2 6
8 12
32 6
22 6
2 6
8 12
32 6
128 6
272 6
8 6
8 12
32 6
24 6
8 12
32 6
128 6
262 12
2 12
8 12
6 12
2 12
8 12
24 12
8 12
22 12
2 12
8 12
24 12
8 12
128 12
264 12
8 12
8 12
8 12
24 12
8 12
24 12
8 12
24 12
8 12
128 12
1808 12
16 12
32 12
32 12
32 12
128 12
1302 6
2 6
8 12
32 6
22 6
2 6
8 12
32 6
128 6
280 6
8 12
32 6
24 6
8 12
32 6
128 6
1824 12
32 12
32 12
32 12
128 12
8000 6
64 6
128 6
85
85 3
2 6
8 12
32 6
128 6
22 6
2 6
8 12
32 6
22 6
2 6
8 12
32 6
128 6
280 6
8 12
32 6
24 6
8 12
32 6
128 6
262 6
2 12
8 12
6 12
2 12
8 12
24 12
8 12
22 12
2 12
8 12
24 12
8 12
128 12
264 12
8 12
8 12
8 12
24 12
8 12
24 12
8 12
24 12
8 12
128 12
1808 12
16 12
32 12
32 12
32 12
128 12
1302 6
2 6
8 12
32 6
22 6
2 6
8 12
32 6
128 6
280 6
8 12
32 6
24 6
8 12
32 6
128 6
1824 12
32 12
32 12
32 12
128 12
8000 6
64 6
128 6
87
87 3
8 12
32 6
128 6
22 6
2 6
8 12
32 6
22 6
2 6
8 12
32 6
128 6
280 6
8 12
32 6
24 6
8 12
32 6
128 6
264 6
8 12
6 12
2 12
8 12
24 12
8 12
22 12
2 12
8 12
24 12
8 12
128 12
264 12
8 12
8 12
8 12
24 12
8 12
24 12
8 12
24 12
8 12
128 12
1808 12
16 12
32 12
32 12
32 12
128 12
1302 6
2 6
8 12
32 6
22 6
2 6
8 12
32 6
128 6
280 6
8 12
32 6
24 6
8 12
32 6
128 6
1824 12
32 12
32 12
32 12
128 12
8000 6
64 6
128 6
95
95 6
24 6
8 12
128 12
22 12
2 12
8 12
24 12
8 12
22 12
2 12
8 12
24 12
8 12
128 12
280 12
8 12
24 12
8 12
24 12
8 12
24 12
8 12
128 12
272 6
6 12
2 12
8 12
24 12
8 12
22 12
2 12
8 12
24 12
8 12
128 12
264 12
8 12
8 12
8 12
24 12
8 12
24 12
8 12
24 12
8 12
128 12
1808 12
16 12
32 12
32 12
32 12
128 12
278 12
2 12
8 12
24 12
8 12
22 12
2 12
8 12
24 12
8 12
128 12
276 6
4 12
8 12
20 12
4 12
8 12
24 12
8 12
24 12
8 12
128 12
278 12
2 12
8 12
24 12
8 12
22 12
2 12
8 12
24 12
8 12
128 12
280 12
8 12
24 12
8 12
24 12
8 12
24 12
8 12
128 12
1824 12
32 12
32 12
32 12
128 12
4916 12
4 12
8 12
56 12
8 12
128 12
824 12
8 12
56 12
8 12
128 12
1856 12
64 12
128 12
127
127 3
128 6
22 6
2 6
8 12
32 6
22 6
2 6
8 12
32 6
128 6
280 6
8 12
32 6
24 6
8 12
32 6
128 6
278 12
2 12
8 12
24 12
8 12
22 12
2 12
8 12
24 12
8 12
128 12
272 6
8 12
8 12
24 12
8 12
24 12
8 12
24 12
8 12
128 12
1808 12
16 12
32 12
32 12
32 12
128 12
1302 6
2 6
8 12
32 6
22 6
2 6
8 12
32 6
128 6
280 6
8 12
32 6
24 6
8 12
32 6
128 6
1824 12
32 12
32 12
32 12
128 12
8000 6
64 6
128 6
255
255 3
22 6
2 6
8 12
32 6
22 6
2 6
8 12
32 6
128 6
280 6
8 12
32 6
24 6
8 12
32 6
128 6
278 12
2 12
8 12
24 12
8 12
22 12
2 12
8 12
24 12
8 12
128 12
280 12
8 12
24 12
8 12
24 12
8 12
24 12
8 12
128 12
1808 6
16 12
32 12
32 12
32 12
128 12
1302 6
2 6
8 12
32 6
22 6
2 6
8 12
32 6
128 6
280 6
8 12
32 6
24 6
8 12
32 6
128 6
1824 12
32 12
32 12
32 12
128 12
8000 6
64 6
128 6
277
277 1
2 2
8 6
32 6
22 6
2 6
8 12
32 6
128 6
320 2
24 6
8 12
32 6
128 6
342 6
2 6
8 6
24 12
8 12
128 12
376 6
8 6
128 12
2048 6
1366 2
2 2
8 6
32 6
128 6
384 2
128 6
2048 6
8192 2
279
279 1
8 6
32 6
22 6
2 6
8 12
32 6
128 6
320 2
24 6
8 12
32 6
128 6
342 6
2 6
8 6
24 12
8 12
128 12
376 6
8 6
128 12
2048 6
1366 2
2 2
8 6
32 6
128 6
384 2
128 6
2048 6
8192 2
287
287 3
24 6
8 12
22 12
2 12
8 12
24 12
8 12
128 12
312 6
8 6
24 12
8 12
24 12
8 12
128 12
342 6
2 6
8 6
24 12
8 12
128 12
376 6
8 6
128 12
2048 6
278 6
2 6
8 6
24 12
8 12
22 12
2 12
8 12
24 12
8 12
128 12
312 6
8 6
24 12
8 12
24 12
8 12
128 12
342 6
2 6
8 6
24 12
8 12
128 12
376 6
8 6
128 12
2048 6
4920 6
8 6
56 12
8 12
128 12
888 6
8 6
128 12
2048 6
319
319 3
22 6
2 6
8 12
32 6
128 6
288 6
32 6
24 6
8 12
32 6
128 6
278 12
2 12
8 12
24 12
8 12
22 12
2 12
8 12
24 12
8 12
128 12
280 12
8 12
24 12
8 12
24 12
8 12
24 12
8 12
128 12
1824 12
32 12
32 12
32 12
128 12
1302 6
2 6
8 12
32 6
22 6
2 6
8 12
32 6
128 6
280 6
8 12
32 6
24 6
8 12
32 6
128 6
1824 12
32 12
32 12
32 12
128 12
8000 6
64 6
128 6
341
341 3
2 6
8 12
32 6
128 6
320 6
24 6
8 12
32 6
128 6
278 6
2 12
8 12
24 12
8 12
22 12
2 12
8 12
24 12
8 12
128 12
280 12
8 12
24 12
8 12
24 12
8 12
24 12
8 12
128 12
1824 12
32 12
32 12
32 12
128 12
1302 6
2 6
8 12
32 6
22 6
2 6
8 12
32 6
128 6
280 6
8 12
32 6
24 6
8 12
32 6
128 6
1824 12
32 12
32 12
32 12
128 12
8000 6
64 6
128 6
343
343 3
8 12
32 6
128 6
320 6
24 6
8 12
32 6
128 6
280 6
8 12
24 12
8 12
22 12
2 12
8 12
24 12
8 12
128 12
280 12
8 12
24 12
8 12
24 12
8 12
24 12
8 12
128 12
1824 12
32 12
32 12
32 12
128 12
1302 6
2 6
8 12
32 6
22 6
2 6
8 12
32 6
128 6
280 6
8 12
32 6
24 6
8 12
32 6
128 6
1824 12
32 12
32 12
32 12
128 12
8000 6
64 6
128 6
351
351 6
24 6
8 12
128 12
320 12
24 12
8 12
24 12
8 12
128 12
288 6
24 12
8 12
22 12
2 12
8 12
24 12
8 12
128 12
280 12
8 12
24 12
8 12
24 12
8 12
24 12
8 12
128 12
1824 12
32 12
32 12
32 12
128 12
288 12
32 12
22 12
2 12
8 12
24 12
8 12
128 12
280 6
8 12
24 12
8 12
24 12
8 12
24 12
8 12
128 12
278 12
2 12
8 12
24 12
8 12
22 12
2 12
8 12
24 12
8 12
128 12
280 12
8 12
24 12
8 12
24 12
8 12
24 12
8 12
128 12
1824 12
32 12
32 12
32 12
128 12
4920 12
8 12
56 12
8 12
128 12
824 12
8 12
56 12
8 12
128 12
1856 12
64 12
128 12
383
383 3
128 6
320 6
24 6
8 12
32 6
128 6
312 12
8 12
22 12
2 12
8 12
24 12
8 12
128 12
288 6
24 12
8 12
24 12
8 12
24 12
8 12
128 12
1824 12
32 12
32 12
32 12
128 12
1302 6
2 6
8 12
32 6
22 6
2 6
8 12
32 6
128 6
280 6
8 12
32 6
24 6
8 12
32 6
128 6
1824 12
32 12
32 12
32 12
128 12
8000 6
64 6
128 6
511
511 3
320 6
24 6
8 12
32 6
128 6
312 12
8 12
22 12
2 12
8 12
24 12
8 12
128 12
312 12
8 12
24 12
8 12
24 12
8 12
128 12
1824 6
32 12
32 12
32 12
128 12
1302 6
2 6
8 12
32 6
22 6
2 6
8 12
32 6
128 6
280 6
8 12
32 6
24 6
8 12
32 6
128 6
1824 12
32 12
32 12
32 12
128 12
8000 6
64 6
128 6
831
831 1
24 6
8 12
32 6
128 6
342 6
2 6
8 6
24 12
8 12
128 12
376 6
8 6
128 12
2048 6
1366 2
2 2
8 6
32 6
128 6
384 2
128 6
2048 6
8192 2
855
855 3
8 12
32 6
128 6
312 6
8 12
22 12
2 12
8 12
24 12
8 12
128 12
312 12
8 12
24 12
8 12
24 12
8 12
128 12
1856 12
32 12
32 12
128 12
1302 6
2 6
8 12
32 6
22 6
2 6
8 12
32 6
128 6
280 6
8 12
32 6
24 6
8 12
32 6
128 6
1824 12
32 12
32 12
32 12
128 12
8000 6
64 6
128 6
863
863 6
24 6
8 12
128 12
320 6
22 12
2 12
8 12
24 12
8 12
128 12
312 12
8 12
24 12
8 12
24 12
8 12
128 12
1856 12
32 12
32 12
128 12
342 12
2 12
8 12
24 12
8 12
128 12
288 6
32 12
24 12
8 12
24 12
8 12
128 12
278 12
2 12
8 12
24 12
8 12
22 12
2 12
8 12
24 12
8 12
128 12
280 12
8 12
24 12
8 12
24 12
8 12
24 12
8 12
128 12
1824 12
32 12
32 12
32 12
128 12
4928 12
56 12
8 12
128 12
824 12
8 12
56 12
8 12
128 12
1856 12
64 12
128 12
895
895 3
128 6
342 12
2 12
8 12
24 12
8 12
128 12
320 6
24 12
8 12
24 12
8 12
128 12
1856 12
32 12
32 12
128 12
1302 6
2 6
8 12
32 6
22 6
2 6
8 12
32 6
128 6
280 6
8 12
32 6
24 6
8 12
32 6
128 6
1824 12
32 12
32 12
32 12
128 12
8000 6
64 6
128 6
1023
1023 3
342 12
2 12
8 12
24 12
8 12
128 12
344 12
8 12
24 12
8 12
128 12
1856 6
32 12
32 12
128 12
1302 6
2 6
8 12
32 6
22 6
2 6
8 12
32 6
128 6
280 6
8 12
32 6
24 6
8 12
32 6
128 6
1824 12
32 12
32 12
32 12
128 12
8000 6
64 6
128 6
1365
1365 3
2 6
8 6
24 12
8 12
128 12
376 6
8 6
128 12
2048 6
342 6
2 12
8 12
24 12
8 12
128 12
344 12
8 12
24 12
8 12
128 12
342 6
2 6
8 6
24 12
8 12
128 12
376 6
8 6
128 12
2048 6
4984 12
8 12
128 12
888 6
8 6
128 12
2048 6
1367
1367 3
8 6
24 12
8 12
128 12
376 6
8 6
128 12
2048 6
344 6
8 12
24 12
8 12
128 12
344 12
8 12
24 12
8 12
128 12
342 6
2 6
8 6
24 12
8 12
128 12
376 6
8 6
128 12
2048 6
4984 12
8 12
128 12
888 6
8 6
128 12
2048 6
1375
1375 3
24 12
8 12
128 12
376 6
8 6
128 12
2048 6
352 12
24 6
8 12
128 12
344 12
8 12
24 12
8 12
128 12
342 6
2 6
8 6
24 12
8 12
128 12
376 6
8 6
128 12
2048 6
4984 12
8 12
128 12
888 6
8 6
128 12
2048 6
1399
1399 6
8 12
128 12
344 6
8 12
24 12
8 12
128 12
1888 12
32 12
128 12
352 6
32 12
128 12
344 12
8 12
24 12
8 12
128 12
312 6
8 12
22 12
2 12
8 12
24 12
8 12
128 12
288 12
24 12
8 12
24 12
8 12
24 12
8 12
128 12
1824 12
32 12
32 12
32 12
128 12
4984 12
8 12
128 12
824 12
8 12
56 12
8 12
128 12
1856 12
64 12
128 12
1407
1407 6
128 12
352 6
24 12
8 12
128 12
1888 12
32 12
128 12
384 6
128 12
352 12
24 12
8 12
128 12
320 12
22 12
2 12
8 12
24 12
8 12
128 12
312 6
8 12
24 12
8 12
24 12
8 12
128 12
1824 12
32 12
32 12
32 12
128 12
4984 12
8 12
128 12
824 12
8 12
56 12
8 12
128 12
1856 12
64 12
128 12
1535
1535 6
376 12
8 12
128 12
1888 6
32 12
128 12
512 6
352 12
32 12
128 12
320 12
22 12
2 12
8 12
24 12
8 12
128 12
320 12
24 12
8 12
24 12
8 12
128 12
1824 12
32 12
32 12
32 12
128 12
4992 12
128 12
824 6
8 12
56 12
8 12
128 12
1856 12
64 12
128 12
1911
1911 3
8 6
128 12
2048 6
864 6
32 12
128 12
342 6
2 6
8 6
24 12
8 12
128 12
376 6
8 6
128 12
2048 6
4992 12
128 12
888 6
8 6
128 12
2048 6
1919
1919 3
128 12
2048 6
896 6
128 12
342 6
2 6
8 6
24 12
8 12
128 12
376 6
8 6
128 12
2048 6
4992 12
128 12
888 6
8 6
128 12
2048 6
2047
2047 6
1920 6
128 12
1024 6
342 12
2 12
8 12
24 12
8 12
128 12
344 12
8 12
24 12
8 12
128 12
1856 12
32 12
32 12
128 12
5120 12
832 6
56 12
8 12
128 12
1856 12
64 12
128 12
4095
4095 3
1366 6
2 6
8 6
24 12
8 12
128 12
376 6
8 6
128 12
2048 6
5120 6
888 6
8 6
128 12
2048 6
5461
5461 1
2 2
8 6
32 6
128 6
384 2
128 6
2048 6
8192 2
5463
5463 1
8 6
32 6
128 6
384 2
128 6
2048 6
8192 2
5471
5471 3
24 6
8 12
128 12
376 6
8 6
128 12
2048 6
6008 6
8 6
128 12
2048 6
5503
5503 3
128 6
352 6
32 6
128 6
1888 12
32 12
128 12
8064 6
128 6
5631
5631 3
384 6
128 6
1888 6
32 12
128 12
8064 6
128 6
6015
6015 1
128 6
2048 6
8192 2
6143
6143 3
1920 6
128 12
8064 6
128 6
8191
8191 3
6144 6
2048 6
16383
16383 1
