3
3 1
4 4
8 4
8 2
8 4
32 2
24 2
8 4
32 2
128 2
4 2
4 4
8 4
8 2
8 4
32 2
24 2
8 4
32 2
128 2
7
7 2
8 4
4 2
4 4
8 4
20 4
4 4
8 4
24 4
8 4
24 4
8 4
128 4
4 4
4 4
8 4
4 4
4 4
8 4
20 4
4 4
8 4
24 4
8 4
24 4
8 4
128 4
15
15 2
8 4
8 4
20 2
4 4
8 4
24 4
8 4
24 4
8 4
128 4
4 4
4 4
8 4
4 4
4 4
8 4
20 4
4 4
8 4
24 4
8 4
24 4
8 4
128 4
23
23 1
8 4
32 2
24 2
8 4
32 2
128 2
4 2
4 4
8 4
8 2
8 4
32 2
24 2
8 4
32 2
128 2
31
31 2
24 2
8 4
24 4
8 4
24 4
8 4
128 4
4 4
4 4
8 4
4 4
4 4
8 4
20 4
4 4
8 4
24 4
8 4
24 4
8 4
128 4
63
63 1
24 2
8 4
32 2
128 2
4 2
4 4
8 4
8 2
8 4
32 2
24 2
8 4
32 2
128 2
87
87 1
8 4
32 2
128 2
4 2
4 4
8 4
8 2
8 4
32 2
24 2
8 4
32 2
128 2
95
95 2
24 2
8 4
128 4
4 4
4 4
8 4
4 4
4 4
8 4
20 4
4 4
8 4
24 4
8 4
24 4
8 4
128 4
127
127 1
128 2
4 2
4 4
8 4
8 2
8 4
32 2
24 2
8 4
32 2
128 2
255
255 1
4 2
4 4
8 4
8 2
8 4
32 2
24 2
8 4
32 2
128 2
259
259 1
4 4
8 4
8 2
8 4
32 2
24 2
8 4
32 2
128 2
263
263 2
8 4
4 2
4 4
8 4
20 4
4 4
8 4
24 4
8 4
24 4
8 4
128 4
271
271 2
8 4
8 4
20 2
4 4
8 4
24 4
8 4
24 4
8 4
128 4
279
279 1
8 4
32 2
24 2
8 4
32 2
128 2
287
287 2
24 2
8 4
24 4
8 4
24 4
8 4
128 4
319
319 1
24 2
8 4
32 2
128 2
343
343 1
8 4
32 2
128 2
351
351 2
24 2
8 4
128 4
383
383 1
128 2
511
511 1
