23
23 1
8 6
32 6
64 2
128 2
24 2
8 6
32 6
64 2
128 2
280 2
8 6
32 6
64 2
128 2
31
31 3
24 6
8 12
56 6
8 6
128 6
24 6
8 6
24 12
8 12
56 6
8 6
128 6
280 6
8 6
24 12
8 12
56 6
8 6
128 6
63
63 3
32 6
32 6
128 6
24 6
8 12
32 6
24 6
8 12
32 6
128 6
280 6
8 12
32 6
24 6
8 12
32 6
128 6
127
127 1
128 2
24 2
8 6
32 6
64 2
128 2
280 2
8 6
32 6
64 2
128 2
255
255 1
24 2
8 6
32 6
64 2
128 2
280 2
8 6
32 6
64 2
128 2
279
279 1
8 6
32 6
64 2
128 2
280 2
8 6
32 6
64 2
128 2
287
287 3
24 6
8 12
56 6
8 6
128 6
280 6
8 6
24 12
8 12
56 6
8 6
128 6
319
319 3
32 6
32 6
128 6
280 6
8 12
32 6
24 6
8 12
32 6
128 6
383
383 1
128 2
280 2
8 6
32 6
64 2
128 2
511
511 1
280 2
8 6
32 6
64 2
128 2
791
791 1
8 6
32 6
64 2
128 2
799
799 3
24 6
8 12
56 6
8 6
128 6
831
831 3
32 6
32 6
128 6
895
895 1
128 2
1023
1023 1
