7
7 1
8 2
8 2
8 2
24 4
8 4
56 2
8 2
128 2
8 2
8 2
8 2
8 2
24 4
8 4
56 2
8 2
128 2
264 4
8 4
8 4
8 4
24 8
8 8
56 4
8 4
128 4
776 2
8 2
8 2
8 2
24 4
8 4
56 2
8 2
128 2
2328 2
8 2
24 4
8 4
56 2
8 2
128 2
280 4
8 4
24 8
8 8
56 4
8 4
128 4
792 2
8 2
24 4
8 4
56 2
8 2
128 2
15
15 1
8 2
8 2
24 4
8 4
56 2
8 2
128 2
8 2
8 2
8 2
8 2
24 4
8 4
56 2
8 2
128 2
264 4
8 4
8 4
8 4
24 8
8 8
56 4
8 4
128 4
776 2
8 2
8 2
8 2
24 4
8 4
56 2
8 2
128 2
2328 2
8 2
24 4
8 4
56 2
8 2
128 2
280 4
8 4
24 8
8 8
56 4
8 4
128 4
792 2
8 2
24 4
8 4
56 2
8 2
128 2
23
23 1
8 2
24 4
8 4
56 2
8 2
128 2
8 2
8 2
8 2
8 2
24 4
8 4
56 2
8 2
128 2
264 4
8 4
8 4
8 4
24 8
8 8
56 4
8 4
128 4
776 2
8 2
8 2
8 2
24 4
8 4
56 2
8 2
128 2
2328 2
8 2
24 4
8 4
56 2
8 2
128 2
280 4
8 4
24 8
8 8
56 4
8 4
128 4
792 2
8 2
24 4
8 4
56 2
8 2
128 2
31
31 1
24 4
8 4
56 2
8 2
128 2
8 2
8 2
8 2
8 2
24 4
8 4
56 2
8 2
128 2
264 4
8 4
8 4
8 4
24 8
8 8
56 4
8 4
128 4
776 2
8 2
8 2
8 2
24 4
8 4
56 2
8 2
128 2
2328 2
8 2
24 4
8 4
56 2
8 2
128 2
280 4
8 4
24 8
8 8
56 4
8 4
128 4
792 2
8 2
24 4
8 4
56 2
8 2
128 2
55
55 2
8 4
24 2
8 4
24 4
8 4
128 4
8 4
8 4
8 4
8 4
24 4
8 4
24 4
8 4
24 4
8 4
128 4
264 8
8 8
8 8
8 8
24 8
8 8
24 8
8 8
24 8
8 8
128 8
776 4
8 4
8 4
8 4
24 4
8 4
24 4
8 4
24 4
8 4
128 4
2328 4
8 4
24 4
8 4
24 4
8 4
24 4
8 4
128 4
280 8
8 8
24 8
8 8
24 8
8 8
24 8
8 8
128 8
792 4
8 4
24 4
8 4
24 4
8 4
24 4
8 4
128 4
63
63 2
32 2
24 4
8 4
128 4
8 4
8 4
8 4
8 4
24 4
8 4
24 4
8 4
24 4
8 4
128 4
264 8
8 8
8 8
8 8
24 8
8 8
24 8
8 8
24 8
8 8
128 8
776 4
8 4
8 4
8 4
24 4
8 4
24 4
8 4
24 4
8 4
128 4
2328 4
8 4
24 4
8 4
24 4
8 4
24 4
8 4
128 4
280 8
8 8
24 8
8 8
24 8
8 8
24 8
8 8
128 8
792 4
8 4
24 4
8 4
24 4
8 4
24 4
8 4
128 4
119
119 1
8 2
128 2
8 2
8 2
8 2
8 2
24 4
8 4
56 2
8 2
128 2
264 4
8 4
8 4
8 4
24 8
8 8
56 4
8 4
128 4
776 2
8 2
8 2
8 2
24 4
8 4
56 2
8 2
128 2
2328 2
8 2
24 4
8 4
56 2
8 2
128 2
280 4
8 4
24 8
8 8
56 4
8 4
128 4
792 2
8 2
24 4
8 4
56 2
8 2
128 2
127
127 1
128 2
8 2
8 2
8 2
8 2
24 4
8 4
56 2
8 2
128 2
264 4
8 4
8 4
8 4
24 8
8 8
56 4
8 4
128 4
776 2
8 2
8 2
8 2
24 4
8 4
56 2
8 2
128 2
2328 2
8 2
24 4
8 4
56 2
8 2
128 2
280 4
8 4
24 8
8 8
56 4
8 4
128 4
792 2
8 2
24 4
8 4
56 2
8 2
128 2
255
255 1
8 2
8 2
8 2
8 2
24 4
8 4
56 2
8 2
128 2
264 4
8 4
8 4
8 4
24 8
8 8
56 4
8 4
128 4
776 2
8 2
8 2
8 2
24 4
8 4
56 2
8 2
128 2
2328 2
8 2
24 4
8 4
56 2
8 2
128 2
280 4
8 4
24 8
8 8
56 4
8 4
128 4
792 2
8 2
24 4
8 4
56 2
8 2
128 2
263
263 1
8 2
8 2
8 2
24 4
8 4
56 2
8 2
128 2
264 4
8 4
8 4
8 4
24 8
8 8
56 4
8 4
128 4
776 2
8 2
8 2
8 2
24 4
8 4
56 2
8 2
128 2
2328 2
8 2
24 4
8 4
56 2
8 2
128 2
280 4
8 4
24 8
8 8
56 4
8 4
128 4
792 2
8 2
24 4
8 4
56 2
8 2
128 2
271
271 1
8 2
8 2
24 4
8 4
56 2
8 2
128 2
264 4
8 4
8 4
8 4
24 8
8 8
56 4
8 4
128 4
776 2
8 2
8 2
8 2
24 4
8 4
56 2
8 2
128 2
2328 2
8 2
24 4
8 4
56 2
8 2
128 2
280 4
8 4
24 8
8 8
56 4
8 4
128 4
792 2
8 2
24 4
8 4
56 2
8 2
128 2
279
279 1
8 2
24 4
8 4
56 2
8 2
128 2
264 4
8 4
8 4
8 4
24 8
8 8
56 4
8 4
128 4
776 2
8 2
8 2
8 2
24 4
8 4
56 2
8 2
128 2
2328 2
8 2
24 4
8 4
56 2
8 2
128 2
280 4
8 4
24 8
8 8
56 4
8 4
128 4
792 2
8 2
24 4
8 4
56 2
8 2
128 2
287
287 1
24 4
8 4
56 2
8 2
128 2
264 4
8 4
8 4
8 4
24 8
8 8
56 4
8 4
128 4
776 2
8 2
8 2
8 2
24 4
8 4
56 2
8 2
128 2
2328 2
8 2
24 4
8 4
56 2
8 2
128 2
280 4
8 4
24 8
8 8
56 4
8 4
128 4
792 2
8 2
24 4
8 4
56 2
8 2
128 2
311
311 2
8 4
24 2
8 4
24 4
8 4
128 4
264 8
8 8
8 8
8 8
24 8
8 8
24 8
8 8
24 8
8 8
128 8
776 4
8 4
8 4
8 4
24 4
8 4
24 4
8 4
24 4
8 4
128 4
2328 4
8 4
24 4
8 4
24 4
8 4
24 4
8 4
128 4
280 8
8 8
24 8
8 8
24 8
8 8
24 8
8 8
128 8
792 4
8 4
24 4
8 4
24 4
8 4
24 4
8 4
128 4
319
319 2
32 2
24 4
8 4
128 4
264 8
8 8
8 8
8 8
24 8
8 8
24 8
8 8
24 8
8 8
128 8
776 4
8 4
8 4
8 4
24 4
8 4
24 4
8 4
24 4
8 4
128 4
2328 4
8 4
24 4
8 4
24 4
8 4
24 4
8 4
128 4
280 8
8 8
24 8
8 8
24 8
8 8
24 8
8 8
128 8
792 4
8 4
24 4
8 4
24 4
8 4
24 4
8 4
128 4
375
375 1
8 2
128 2
264 4
8 4
8 4
8 4
24 8
8 8
56 4
8 4
128 4
776 2
8 2
8 2
8 2
24 4
8 4
56 2
8 2
128 2
2328 2
8 2
24 4
8 4
56 2
8 2
128 2
280 4
8 4
24 8
8 8
56 4
8 4
128 4
792 2
8 2
24 4
8 4
56 2
8 2
128 2
383
383 1
128 2
264 4
8 4
8 4
8 4
24 8
8 8
56 4
8 4
128 4
776 2
8 2
8 2
8 2
24 4
8 4
56 2
8 2
128 2
2328 2
8 2
24 4
8 4
56 2
8 2
128 2
280 4
8 4
24 8
8 8
56 4
8 4
128 4
792 2
8 2
24 4
8 4
56 2
8 2
128 2
511
511 1
264 4
8 4
8 4
8 4
24 8
8 8
56 4
8 4
128 4
776 2
8 2
8 2
8 2
24 4
8 4
56 2
8 2
128 2
2328 2
8 2
24 4
8 4
56 2
8 2
128 2
280 4
8 4
24 8
8 8
56 4
8 4
128 4
792 2
8 2
24 4
8 4
56 2
8 2
128 2
775
775 2
8 4
8 4
8 4
24 8
8 8
56 4
8 4
128 4
264 2
8 4
8 4
8 4
24 8
8 8
56 4
8 4
128 4
264 4
8 4
8 4
8 4
24 8
8 8
56 4
8 4
128 4
2328 4
8 4
24 8
8 8
56 4
8 4
128 4
280 4
8 4
24 8
8 8
56 4
8 4
128 4
280 4
8 4
24 8
8 8
56 4
8 4
128 4
280 4
8 4
24 8
8 8
56 4
8 4
128 4
783
783 2
8 4
8 4
24 8
8 8
56 4
8 4
128 4
272 2
8 4
8 4
24 8
8 8
56 4
8 4
128 4
264 4
8 4
8 4
8 4
24 8
8 8
56 4
8 4
128 4
2328 4
8 4
24 8
8 8
56 4
8 4
128 4
280 4
8 4
24 8
8 8
56 4
8 4
128 4
280 4
8 4
24 8
8 8
56 4
8 4
128 4
280 4
8 4
24 8
8 8
56 4
8 4
128 4
791
791 2
8 4
24 8
8 8
56 4
8 4
128 4
280 2
8 4
24 8
8 8
56 4
8 4
128 4
264 4
8 4
8 4
8 4
24 8
8 8
56 4
8 4
128 4
2328 4
8 4
24 8
8 8
56 4
8 4
128 4
280 4
8 4
24 8
8 8
56 4
8 4
128 4
280 4
8 4
24 8
8 8
56 4
8 4
128 4
280 4
8 4
24 8
8 8
56 4
8 4
128 4
799
799 2
24 8
8 8
56 4
8 4
128 4
288 2
24 8
8 8
56 4
8 4
128 4
264 4
8 4
8 4
8 4
24 8
8 8
56 4
8 4
128 4
2328 4
8 4
24 8
8 8
56 4
8 4
128 4
280 4
8 4
24 8
8 8
56 4
8 4
128 4
280 4
8 4
24 8
8 8
56 4
8 4
128 4
280 4
8 4
24 8
8 8
56 4
8 4
128 4
823
823 4
8 8
24 4
8 8
24 8
8 8
128 8
312 4
8 8
24 4
8 8
24 8
8 8
128 8
264 8
8 8
8 8
8 8
24 8
8 8
24 8
8 8
24 8
8 8
128 8
2328 8
8 8
24 8
8 8
24 8
8 8
24 8
8 8
128 8
280 8
8 8
24 8
8 8
24 8
8 8
24 8
8 8
128 8
280 8
8 8
24 8
8 8
24 8
8 8
24 8
8 8
128 8
280 8
8 8
24 8
8 8
24 8
8 8
24 8
8 8
128 8
831
831 4
32 4
24 8
8 8
128 8
320 4
32 4
24 8
8 8
128 8
264 8
8 8
8 8
8 8
24 8
8 8
24 8
8 8
24 8
8 8
128 8
2328 8
8 8
24 8
8 8
24 8
8 8
24 8
8 8
128 8
280 8
8 8
24 8
8 8
24 8
8 8
24 8
8 8
128 8
280 8
8 8
24 8
8 8
24 8
8 8
24 8
8 8
128 8
280 8
8 8
24 8
8 8
24 8
8 8
24 8
8 8
128 8
887
887 2
8 4
128 4
376 2
8 4
128 4
264 4
8 4
8 4
8 4
24 8
8 8
56 4
8 4
128 4
2328 4
8 4
24 8
8 8
56 4
8 4
128 4
280 4
8 4
24 8
8 8
56 4
8 4
128 4
280 4
8 4
24 8
8 8
56 4
8 4
128 4
280 4
8 4
24 8
8 8
56 4
8 4
128 4
895
895 2
128 4
384 2
128 4
264 4
8 4
8 4
8 4
24 8
8 8
56 4
8 4
128 4
2328 4
8 4
24 8
8 8
56 4
8 4
128 4
280 4
8 4
24 8
8 8
56 4
8 4
128 4
280 4
8 4
24 8
8 8
56 4
8 4
128 4
280 4
8 4
24 8
8 8
56 4
8 4
128 4
1023
1023 2
512 2
264 4
8 4
8 4
8 4
24 8
8 8
56 4
8 4
128 4
2328 4
8 4
24 8
8 8
56 4
8 4
128 4
280 4
8 4
24 8
8 8
56 4
8 4
128 4
280 4
8 4
24 8
8 8
56 4
8 4
128 4
280 4
8 4
24 8
8 8
56 4
8 4
128 4
1799
1799 1
8 2
8 2
8 2
24 4
8 4
56 2
8 2
128 2
2328 2
8 2
24 4
8 4
56 2
8 2
128 2
280 4
8 4
24 8
8 8
56 4
8 4
128 4
792 2
8 2
24 4
8 4
56 2
8 2
128 2
1807
1807 1
8 2
8 2
24 4
8 4
56 2
8 2
128 2
2328 2
8 2
24 4
8 4
56 2
8 2
128 2
280 4
8 4
24 8
8 8
56 4
8 4
128 4
792 2
8 2
24 4
8 4
56 2
8 2
128 2
1815
1815 1
8 2
24 4
8 4
56 2
8 2
128 2
2328 2
8 2
24 4
8 4
56 2
8 2
128 2
280 4
8 4
24 8
8 8
56 4
8 4
128 4
792 2
8 2
24 4
8 4
56 2
8 2
128 2
1823
1823 1
24 4
8 4
56 2
8 2
128 2
2328 2
8 2
24 4
8 4
56 2
8 2
128 2
280 4
8 4
24 8
8 8
56 4
8 4
128 4
792 2
8 2
24 4
8 4
56 2
8 2
128 2
1847
1847 2
8 4
24 2
8 4
24 4
8 4
128 4
2328 4
8 4
24 4
8 4
24 4
8 4
24 4
8 4
128 4
280 8
8 8
24 8
8 8
24 8
8 8
24 8
8 8
128 8
792 4
8 4
24 4
8 4
24 4
8 4
24 4
8 4
128 4
1855
1855 2
32 2
24 4
8 4
128 4
2328 4
8 4
24 4
8 4
24 4
8 4
24 4
8 4
128 4
280 8
8 8
24 8
8 8
24 8
8 8
24 8
8 8
128 8
792 4
8 4
24 4
8 4
24 4
8 4
24 4
8 4
128 4
1911
1911 1
8 2
128 2
2328 2
8 2
24 4
8 4
56 2
8 2
128 2
280 4
8 4
24 8
8 8
56 4
8 4
128 4
792 2
8 2
24 4
8 4
56 2
8 2
128 2
1919
1919 1
128 2
2328 2
8 2
24 4
8 4
56 2
8 2
128 2
280 4
8 4
24 8
8 8
56 4
8 4
128 4
792 2
8 2
24 4
8 4
56 2
8 2
128 2
2047
2047 1
2328 2
8 2
24 4
8 4
56 2
8 2
128 2
280 4
8 4
24 8
8 8
56 4
8 4
128 4
792 2
8 2
24 4
8 4
56 2
8 2
128 2
4375
4375 1
8 2
24 4
8 4
56 2
8 2
128 2
280 4
8 4
24 8
8 8
56 4
8 4
128 4
792 2
8 2
24 4
8 4
56 2
8 2
128 2
4383
4383 1
24 4
8 4
56 2
8 2
128 2
280 4
8 4
24 8
8 8
56 4
8 4
128 4
792 2
8 2
24 4
8 4
56 2
8 2
128 2
4407
4407 2
8 4
24 2
8 4
24 4
8 4
128 4
280 8
8 8
24 8
8 8
24 8
8 8
24 8
8 8
128 8
792 4
8 4
24 4
8 4
24 4
8 4
24 4
8 4
128 4
4415
4415 2
32 2
24 4
8 4
128 4
280 8
8 8
24 8
8 8
24 8
8 8
24 8
8 8
128 8
792 4
8 4
24 4
8 4
24 4
8 4
24 4
8 4
128 4
4471
4471 1
8 2
128 2
280 4
8 4
24 8
8 8
56 4
8 4
128 4
792 2
8 2
24 4
8 4
56 2
8 2
128 2
4479
4479 1
128 2
280 4
8 4
24 8
8 8
56 4
8 4
128 4
792 2
8 2
24 4
8 4
56 2
8 2
128 2
4607
4607 1
280 4
8 4
24 8
8 8
56 4
8 4
128 4
792 2
8 2
24 4
8 4
56 2
8 2
128 2
4887
4887 2
8 4
24 8
8 8
56 4
8 4
128 4
280 2
8 4
24 8
8 8
56 4
8 4
128 4
280 4
8 4
24 8
8 8
56 4
8 4
128 4
4895
4895 2
24 8
8 8
56 4
8 4
128 4
288 2
24 8
8 8
56 4
8 4
128 4
280 4
8 4
24 8
8 8
56 4
8 4
128 4
4919
4919 4
8 8
24 4
8 8
24 8
8 8
128 8
312 4
8 8
24 4
8 8
24 8
8 8
128 8
280 8
8 8
24 8
8 8
24 8
8 8
24 8
8 8
128 8
4927
4927 4
32 4
24 8
8 8
128 8
320 4
32 4
24 8
8 8
128 8
280 8
8 8
24 8
8 8
24 8
8 8
24 8
8 8
128 8
4983
4983 2
8 4
128 4
376 2
8 4
128 4
280 4
8 4
24 8
8 8
56 4
8 4
128 4
4991
4991 2
128 4
384 2
128 4
280 4
8 4
24 8
8 8
56 4
8 4
128 4
5119
5119 2
512 2
280 4
8 4
24 8
8 8
56 4
8 4
128 4
5911
5911 1
8 2
24 4
8 4
56 2
8 2
128 2
5919
5919 1
24 4
8 4
56 2
8 2
128 2
5943
5943 2
8 4
24 2
8 4
24 4
8 4
128 4
5951
5951 2
32 2
24 4
8 4
128 4
6007
6007 1
8 2
128 2
6015
6015 1
128 2
6143
6143 1
