1
1 1
2 4
4 2
8 2
2 2
2 4
4 2
8 2
20 4
4 4
8 4
56 2
8 2
128 2
2 2
2 4
4 2
8 2
2 2
2 4
4 2
8 2
20 4
4 4
8 4
56 2
8 2
128 2
260 4
4 4
8 4
4 4
4 4
8 4
20 4
4 4
8 4
24 4
8 4
24 4
8 4
128 4
776 2
8 2
8 2
8 2
24 4
8 4
56 2
8 2
128 2
3
3 2
2 2
2 4
8 4
2 4
2 4
2 4
2 4
8 4
20 4
4 4
8 4
22 4
2 4
8 4
24 4
8 4
128 4
2 4
2 4
2 4
2 4
8 4
2 4
2 4
2 4
2 4
8 4
20 4
4 4
8 4
22 4
2 4
8 4
24 4
8 4
128 4
260 4
4 4
8 4
4 4
4 4
8 4
20 4
4 4
8 4
24 4
8 4
24 4
8 4
128 4
262 4
2 4
8 4
6 4
2 4
8 4
24 4
8 4
22 4
2 4
8 4
24 4
8 4
128 4
264 4
8 4
8 4
8 4
24 4
8 4
24 4
8 4
24 4
8 4
128 4
7
7 1
8 2
2 2
2 4
4 2
8 2
20 4
4 4
8 4
56 2
8 2
128 2
2 2
2 4
4 2
8 2
2 2
2 4
4 2
8 2
20 4
4 4
8 4
56 2
8 2
128 2
260 4
4 4
8 4
4 4
4 4
8 4
20 4
4 4
8 4
24 4
8 4
24 4
8 4
128 4
776 2
8 2
8 2
8 2
24 4
8 4
56 2
8 2
128 2
15
15 1
2 2
2 4
4 2
8 2
20 4
4 4
8 4
56 2
8 2
128 2
2 2
2 4
4 2
8 2
2 2
2 4
4 2
8 2
20 4
4 4
8 4
56 2
8 2
128 2
260 4
4 4
8 4
4 4
4 4
8 4
20 4
4 4
8 4
24 4
8 4
24 4
8 4
128 4
776 2
8 2
8 2
8 2
24 4
8 4
56 2
8 2
128 2
17
17 1
2 4
4 2
8 2
20 4
4 4
8 4
56 2
8 2
128 2
2 2
2 4
4 2
8 2
2 2
2 4
4 2
8 2
20 4
4 4
8 4
56 2
8 2
128 2
260 4
4 4
8 4
4 4
4 4
8 4
20 4
4 4
8 4
24 4
8 4
24 4
8 4
128 4
776 2
8 2
8 2
8 2
24 4
8 4
56 2
8 2
128 2
19
19 2
2 2
2 4
8 4
20 4
4 4
8 4
22 4
2 4
8 4
24 4
8 4
128 4
2 4
2 4
2 4
2 4
8 4
2 4
2 4
2 4
2 4
8 4
20 4
4 4
8 4
22 4
2 4
8 4
24 4
8 4
128 4
260 4
4 4
8 4
4 4
4 4
8 4
20 4
4 4
8 4
24 4
8 4
24 4
8 4
128 4
262 4
2 4
8 4
6 4
2 4
8 4
24 4
8 4
22 4
2 4
8 4
24 4
8 4
128 4
264 4
8 4
8 4
8 4
24 4
8 4
24 4
8 4
24 4
8 4
128 4
23
23 1
8 2
20 4
4 4
8 4
56 2
8 2
128 2
2 2
2 4
4 2
8 2
2 2
2 4
4 2
8 2
20 4
4 4
8 4
56 2
8 2
128 2
260 4
4 4
8 4
4 4
4 4
8 4
20 4
4 4
8 4
24 4
8 4
24 4
8 4
128 4
776 2
8 2
8 2
8 2
24 4
8 4
56 2
8 2
128 2
31
31 1
20 4
4 4
8 4
56 2
8 2
128 2
2 2
2 4
4 2
8 2
2 2
2 4
4 2
8 2
20 4
4 4
8 4
56 2
8 2
128 2
260 4
4 4
8 4
4 4
4 4
8 4
20 4
4 4
8 4
24 4
8 4
24 4
8 4
128 4
776 2
8 2
8 2
8 2
24 4
8 4
56 2
8 2
128 2
51
51 2
4 4
8 4
22 2
2 4
8 4
24 4
8 4
128 4
2 4
2 4
2 4
2 4
8 4
2 4
2 4
2 4
2 4
8 4
20 4
4 4
8 4
22 4
2 4
8 4
24 4
8 4
128 4
260 4
4 4
8 4
4 4
4 4
8 4
20 4
4 4
8 4
24 4
8 4
24 4
8 4
128 4
262 4
2 4
8 4
6 4
2 4
8 4
24 4
8 4
22 4
2 4
8 4
24 4
8 4
128 4
264 4
8 4
8 4
8 4
24 4
8 4
24 4
8 4
24 4
8 4
128 4
55
55 2
8 4
24 2
8 4
24 4
8 4
128 4
2 4
2 4
2 4
2 4
8 4
2 4
2 4
2 4
2 4
8 4
20 4
4 4
8 4
22 4
2 4
8 4
24 4
8 4
128 4
260 4
4 4
8 4
4 4
4 4
8 4
20 4
4 4
8 4
24 4
8 4
24 4
8 4
128 4
262 4
2 4
8 4
6 4
2 4
8 4
24 4
8 4
22 4
2 4
8 4
24 4
8 4
128 4
264 4
8 4
8 4
8 4
24 4
8 4
24 4
8 4
24 4
8 4
128 4
63
63 2
32 2
24 4
8 4
128 4
2 4
2 4
2 4
2 4
8 4
2 4
2 4
2 4
2 4
8 4
20 4
4 4
8 4
22 4
2 4
8 4
24 4
8 4
128 4
260 4
4 4
8 4
4 4
4 4
8 4
20 4
4 4
8 4
24 4
8 4
24 4
8 4
128 4
262 4
2 4
8 4
6 4
2 4
8 4
24 4
8 4
22 4
2 4
8 4
24 4
8 4
128 4
264 4
8 4
8 4
8 4
24 4
8 4
24 4
8 4
24 4
8 4
128 4
119
119 1
8 2
128 2
2 2
2 4
4 2
8 2
2 2
2 4
4 2
8 2
20 4
4 4
8 4
56 2
8 2
128 2
260 4
4 4
8 4
4 4
4 4
8 4
20 4
4 4
8 4
24 4
8 4
24 4
8 4
128 4
776 2
8 2
8 2
8 2
24 4
8 4
56 2
8 2
128 2
127
127 1
128 2
2 2
2 4
4 2
8 2
2 2
2 4
4 2
8 2
20 4
4 4
8 4
56 2
8 2
128 2
260 4
4 4
8 4
4 4
4 4
8 4
20 4
4 4
8 4
24 4
8 4
24 4
8 4
128 4
776 2
8 2
8 2
8 2
24 4
8 4
56 2
8 2
128 2
255
255 1
2 2
2 4
4 2
8 2
2 2
2 4
4 2
8 2
20 4
4 4
8 4
56 2
8 2
128 2
260 4
4 4
8 4
4 4
4 4
8 4
20 4
4 4
8 4
24 4
8 4
24 4
8 4
128 4
776 2
8 2
8 2
8 2
24 4
8 4
56 2
8 2
128 2
257
257 1
2 4
4 2
8 2
2 2
2 4
4 2
8 2
20 4
4 4
8 4
56 2
8 2
128 2
260 4
4 4
8 4
4 4
4 4
8 4
20 4
4 4
8 4
24 4
8 4
24 4
8 4
128 4
776 2
8 2
8 2
8 2
24 4
8 4
56 2
8 2
128 2
259
259 2
2 2
2 4
8 4
2 4
2 4
2 4
2 4
8 4
20 4
4 4
8 4
22 4
2 4
8 4
24 4
8 4
128 4
260 4
4 4
8 4
4 4
4 4
8 4
20 4
4 4
8 4
24 4
8 4
24 4
8 4
128 4
262 4
2 4
8 4
6 4
2 4
8 4
24 4
8 4
22 4
2 4
8 4
24 4
8 4
128 4
264 4
8 4
8 4
8 4
24 4
8 4
24 4
8 4
24 4
8 4
128 4
263
263 1
8 2
2 2
2 4
4 2
8 2
20 4
4 4
8 4
56 2
8 2
128 2
260 4
4 4
8 4
4 4
4 4
8 4
20 4
4 4
8 4
24 4
8 4
24 4
8 4
128 4
776 2
8 2
8 2
8 2
24 4
8 4
56 2
8 2
128 2
271
271 1
2 2
2 4
4 2
8 2
20 4
4 4
8 4
56 2
8 2
128 2
260 4
4 4
8 4
4 4
4 4
8 4
20 4
4 4
8 4
24 4
8 4
24 4
8 4
128 4
776 2
8 2
8 2
8 2
24 4
8 4
56 2
8 2
128 2
273
273 1
2 4
4 2
8 2
20 4
4 4
8 4
56 2
8 2
128 2
260 4
4 4
8 4
4 4
4 4
8 4
20 4
4 4
8 4
24 4
8 4
24 4
8 4
128 4
776 2
8 2
8 2
8 2
24 4
8 4
56 2
8 2
128 2
275
275 2
2 2
2 4
8 4
20 4
4 4
8 4
22 4
2 4
8 4
24 4
8 4
128 4
260 4
4 4
8 4
4 4
4 4
8 4
20 4
4 4
8 4
24 4
8 4
24 4
8 4
128 4
262 4
2 4
8 4
6 4
2 4
8 4
24 4
8 4
22 4
2 4
8 4
24 4
8 4
128 4
264 4
8 4
8 4
8 4
24 4
8 4
24 4
8 4
24 4
8 4
128 4
279
279 1
8 2
20 4
4 4
8 4
56 2
8 2
128 2
260 4
4 4
8 4
4 4
4 4
8 4
20 4
4 4
8 4
24 4
8 4
24 4
8 4
128 4
776 2
8 2
8 2
8 2
24 4
8 4
56 2
8 2
128 2
287
287 1
20 4
4 4
8 4
56 2
8 2
128 2
260 4
4 4
8 4
4 4
4 4
8 4
20 4
4 4
8 4
24 4
8 4
24 4
8 4
128 4
776 2
8 2
8 2
8 2
24 4
8 4
56 2
8 2
128 2
307
307 2
4 4
8 4
22 2
2 4
8 4
24 4
8 4
128 4
260 4
4 4
8 4
4 4
4 4
8 4
20 4
4 4
8 4
24 4
8 4
24 4
8 4
128 4
262 4
2 4
8 4
6 4
2 4
8 4
24 4
8 4
22 4
2 4
8 4
24 4
8 4
128 4
264 4
8 4
8 4
8 4
24 4
8 4
24 4
8 4
24 4
8 4
128 4
311
311 2
8 4
24 2
8 4
24 4
8 4
128 4
260 4
4 4
8 4
4 4
4 4
8 4
20 4
4 4
8 4
24 4
8 4
24 4
8 4
128 4
262 4
2 4
8 4
6 4
2 4
8 4
24 4
8 4
22 4
2 4
8 4
24 4
8 4
128 4
264 4
8 4
8 4
8 4
24 4
8 4
24 4
8 4
24 4
8 4
128 4
319
319 2
32 2
24 4
8 4
128 4
260 4
4 4
8 4
4 4
4 4
8 4
20 4
4 4
8 4
24 4
8 4
24 4
8 4
128 4
262 4
2 4
8 4
6 4
2 4
8 4
24 4
8 4
22 4
2 4
8 4
24 4
8 4
128 4
264 4
8 4
8 4
8 4
24 4
8 4
24 4
8 4
24 4
8 4
128 4
375
375 1
8 2
128 2
260 4
4 4
8 4
4 4
4 4
8 4
20 4
4 4
8 4
24 4
8 4
24 4
8 4
128 4
776 2
8 2
8 2
8 2
24 4
8 4
56 2
8 2
128 2
383
383 1
128 2
260 4
4 4
8 4
4 4
4 4
8 4
20 4
4 4
8 4
24 4
8 4
24 4
8 4
128 4
776 2
8 2
8 2
8 2
24 4
8 4
56 2
8 2
128 2
511
511 1
260 4
4 4
8 4
4 4
4 4
8 4
20 4
4 4
8 4
24 4
8 4
24 4
8 4
128 4
776 2
8 2
8 2
8 2
24 4
8 4
56 2
8 2
128 2
771
771 2
4 4
8 4
4 4
4 4
8 4
20 4
4 4
8 4
24 4
8 4
24 4
8 4
128 4
262 2
2 4
8 4
6 4
2 4
8 4
24 4
8 4
22 4
2 4
8 4
24 4
8 4
128 4
264 4
8 4
8 4
8 4
24 4
8 4
24 4
8 4
24 4
8 4
128 4
775
775 2
8 4
4 4
4 4
8 4
20 4
4 4
8 4
24 4
8 4
24 4
8 4
128 4
264 2
8 4
6 4
2 4
8 4
24 4
8 4
22 4
2 4
8 4
24 4
8 4
128 4
264 4
8 4
8 4
8 4
24 4
8 4
24 4
8 4
24 4
8 4
128 4
783
783 2
4 4
4 4
8 4
20 4
4 4
8 4
24 4
8 4
24 4
8 4
128 4
272 2
6 4
2 4
8 4
24 4
8 4
22 4
2 4
8 4
24 4
8 4
128 4
264 4
8 4
8 4
8 4
24 4
8 4
24 4
8 4
24 4
8 4
128 4
787
787 2
4 4
8 4
20 4
4 4
8 4
24 4
8 4
24 4
8 4
128 4
278 2
2 4
8 4
24 4
8 4
22 4
2 4
8 4
24 4
8 4
128 4
264 4
8 4
8 4
8 4
24 4
8 4
24 4
8 4
24 4
8 4
128 4
791
791 2
8 4
20 4
4 4
8 4
24 4
8 4
24 4
8 4
128 4
280 2
8 4
24 4
8 4
22 4
2 4
8 4
24 4
8 4
128 4
264 4
8 4
8 4
8 4
24 4
8 4
24 4
8 4
24 4
8 4
128 4
799
799 2
20 4
4 4
8 4
24 4
8 4
24 4
8 4
128 4
288 2
24 4
8 4
22 4
2 4
8 4
24 4
8 4
128 4
264 4
8 4
8 4
8 4
24 4
8 4
24 4
8 4
24 4
8 4
128 4
819
819 2
4 4
8 4
24 4
8 4
24 4
8 4
128 4
312 4
8 4
22 2
2 4
8 4
24 4
8 4
128 4
264 4
8 4
8 4
8 4
24 4
8 4
24 4
8 4
24 4
8 4
128 4
823
823 2
8 4
24 4
8 4
24 4
8 4
128 4
312 4
8 4
24 2
8 4
24 4
8 4
128 4
264 4
8 4
8 4
8 4
24 4
8 4
24 4
8 4
24 4
8 4
128 4
831
831 2
24 4
8 4
24 4
8 4
128 4
312 4
8 4
32 2
24 4
8 4
128 4
264 4
8 4
8 4
8 4
24 4
8 4
24 4
8 4
24 4
8 4
128 4
855
855 2
8 4
24 4
8 4
128 4
312 2
8 4
56 4
8 4
128 4
264 4
8 4
8 4
8 4
24 4
8 4
24 4
8 4
24 4
8 4
128 4
863
863 2
24 4
8 4
128 4
320 2
56 4
8 4
128 4
264 4
8 4
8 4
8 4
24 4
8 4
24 4
8 4
24 4
8 4
128 4
887
887 2
8 4
128 4
376 2
8 4
128 4
264 4
8 4
8 4
8 4
24 4
8 4
24 4
8 4
24 4
8 4
128 4
895
895 2
128 4
384 2
128 4
264 4
8 4
8 4
8 4
24 4
8 4
24 4
8 4
24 4
8 4
128 4
1023
1023 2
512 2
264 4
8 4
8 4
8 4
24 4
8 4
24 4
8 4
24 4
8 4
128 4
1799
1799 1
8 2
8 2
8 2
24 4
8 4
56 2
8 2
128 2
1807
1807 1
8 2
8 2
24 4
8 4
56 2
8 2
128 2
1815
1815 1
8 2
24 4
8 4
56 2
8 2
128 2
1823
1823 1
24 4
8 4
56 2
8 2
128 2
1847
1847 2
8 4
24 2
8 4
24 4
8 4
128 4
1855
1855 2
32 2
24 4
8 4
128 4
1911
1911 1
8 2
128 2
1919
1919 1
128 2
2047
2047 1
