7
7 1
8 2
8 2
8 2
24 4
8 4
56 2
8 2
128 2
8 2
8 2
8 2
8 2
24 4
8 4
56 2
8 2
128 2
264 2
8 2
8 2
8 2
24 4
8 4
56 2
8 2
128 2
3352 2
8 2
24 4
8 4
56 2
8 2
128 2
280 2
8 2
24 4
8 4
56 2
8 2
128 2
15
15 1
8 2
8 2
24 4
8 4
56 2
8 2
128 2
8 2
8 2
8 2
8 2
24 4
8 4
56 2
8 2
128 2
264 2
8 2
8 2
8 2
24 4
8 4
56 2
8 2
128 2
3352 2
8 2
24 4
8 4
56 2
8 2
128 2
280 2
8 2
24 4
8 4
56 2
8 2
128 2
23
23 1
8 2
24 4
8 4
56 2
8 2
128 2
8 2
8 2
8 2
8 2
24 4
8 4
56 2
8 2
128 2
264 2
8 2
8 2
8 2
24 4
8 4
56 2
8 2
128 2
3352 2
8 2
24 4
8 4
56 2
8 2
128 2
280 2
8 2
24 4
8 4
56 2
8 2
128 2
31
31 1
24 4
8 4
56 2
8 2
128 2
8 2
8 2
8 2
8 2
24 4
8 4
56 2
8 2
128 2
264 2
8 2
8 2
8 2
24 4
8 4
56 2
8 2
128 2
3352 2
8 2
24 4
8 4
56 2
8 2
128 2
280 2
8 2
24 4
8 4
56 2
8 2
128 2
55
55 2
8 4
24 2
8 4
24 4
8 4
128 4
8 4
8 4
8 4
8 4
24 4
8 4
24 4
8 4
24 4
8 4
128 4
264 4
8 4
8 4
8 4
24 4
8 4
24 4
8 4
24 4
8 4
128 4
3352 4
8 4
24 4
8 4
24 4
8 4
24 4
8 4
128 4
280 4
8 4
24 4
8 4
24 4
8 4
24 4
8 4
128 4
63
63 2
32 2
24 4
8 4
128 4
8 4
8 4
8 4
8 4
24 4
8 4
24 4
8 4
24 4
8 4
128 4
264 4
8 4
8 4
8 4
24 4
8 4
24 4
8 4
24 4
8 4
128 4
3352 4
8 4
24 4
8 4
24 4
8 4
24 4
8 4
128 4
280 4
8 4
24 4
8 4
24 4
8 4
24 4
8 4
128 4
119
119 1
8 2
128 2
8 2
8 2
8 2
8 2
24 4
8 4
56 2
8 2
128 2
264 2
8 2
8 2
8 2
24 4
8 4
56 2
8 2
128 2
3352 2
8 2
24 4
8 4
56 2
8 2
128 2
280 2
8 2
24 4
8 4
56 2
8 2
128 2
127
127 1
128 2
8 2
8 2
8 2
8 2
24 4
8 4
56 2
8 2
128 2
264 2
8 2
8 2
8 2
24 4
8 4
56 2
8 2
128 2
3352 2
8 2
24 4
8 4
56 2
8 2
128 2
280 2
8 2
24 4
8 4
56 2
8 2
128 2
255
255 1
8 2
8 2
8 2
8 2
24 4
8 4
56 2
8 2
128 2
264 2
8 2
8 2
8 2
24 4
8 4
56 2
8 2
128 2
3352 2
8 2
24 4
8 4
56 2
8 2
128 2
280 2
8 2
24 4
8 4
56 2
8 2
128 2
263
263 1
8 2
8 2
8 2
24 4
8 4
56 2
8 2
128 2
264 2
8 2
8 2
8 2
24 4
8 4
56 2
8 2
128 2
3352 2
8 2
24 4
8 4
56 2
8 2
128 2
280 2
8 2
24 4
8 4
56 2
8 2
128 2
271
271 1
8 2
8 2
24 4
8 4
56 2
8 2
128 2
264 2
8 2
8 2
8 2
24 4
8 4
56 2
8 2
128 2
3352 2
8 2
24 4
8 4
56 2
8 2
128 2
280 2
8 2
24 4
8 4
56 2
8 2
128 2
279
279 1
8 2
24 4
8 4
56 2
8 2
128 2
264 2
8 2
8 2
8 2
24 4
8 4
56 2
8 2
128 2
3352 2
8 2
24 4
8 4
56 2
8 2
128 2
280 2
8 2
24 4
8 4
56 2
8 2
128 2
287
287 1
24 4
8 4
56 2
8 2
128 2
264 2
8 2
8 2
8 2
24 4
8 4
56 2
8 2
128 2
3352 2
8 2
24 4
8 4
56 2
8 2
128 2
280 2
8 2
24 4
8 4
56 2
8 2
128 2
311
311 2
8 4
24 2
8 4
24 4
8 4
128 4
264 4
8 4
8 4
8 4
24 4
8 4
24 4
8 4
24 4
8 4
128 4
3352 4
8 4
24 4
8 4
24 4
8 4
24 4
8 4
128 4
280 4
8 4
24 4
8 4
24 4
8 4
24 4
8 4
128 4
319
319 2
32 2
24 4
8 4
128 4
264 4
8 4
8 4
8 4
24 4
8 4
24 4
8 4
24 4
8 4
128 4
3352 4
8 4
24 4
8 4
24 4
8 4
24 4
8 4
128 4
280 4
8 4
24 4
8 4
24 4
8 4
24 4
8 4
128 4
375
375 1
8 2
128 2
264 2
8 2
8 2
8 2
24 4
8 4
56 2
8 2
128 2
3352 2
8 2
24 4
8 4
56 2
8 2
128 2
280 2
8 2
24 4
8 4
56 2
8 2
128 2
383
383 1
128 2
264 2
8 2
8 2
8 2
24 4
8 4
56 2
8 2
128 2
3352 2
8 2
24 4
8 4
56 2
8 2
128 2
280 2
8 2
24 4
8 4
56 2
8 2
128 2
511
511 1
264 2
8 2
8 2
8 2
24 4
8 4
56 2
8 2
128 2
3352 2
8 2
24 4
8 4
56 2
8 2
128 2
280 2
8 2
24 4
8 4
56 2
8 2
128 2
775
775 1
8 2
8 2
8 2
24 4
8 4
56 2
8 2
128 2
3352 2
8 2
24 4
8 4
56 2
8 2
128 2
280 2
8 2
24 4
8 4
56 2
8 2
128 2
783
783 1
8 2
8 2
24 4
8 4
56 2
8 2
128 2
3352 2
8 2
24 4
8 4
56 2
8 2
128 2
280 2
8 2
24 4
8 4
56 2
8 2
128 2
791
791 1
8 2
24 4
8 4
56 2
8 2
128 2
3352 2
8 2
24 4
8 4
56 2
8 2
128 2
280 2
8 2
24 4
8 4
56 2
8 2
128 2
799
799 1
24 4
8 4
56 2
8 2
128 2
3352 2
8 2
24 4
8 4
56 2
8 2
128 2
280 2
8 2
24 4
8 4
56 2
8 2
128 2
823
823 2
8 4
24 2
8 4
24 4
8 4
128 4
3352 4
8 4
24 4
8 4
24 4
8 4
24 4
8 4
128 4
280 4
8 4
24 4
8 4
24 4
8 4
24 4
8 4
128 4
831
831 2
32 2
24 4
8 4
128 4
3352 4
8 4
24 4
8 4
24 4
8 4
24 4
8 4
128 4
280 4
8 4
24 4
8 4
24 4
8 4
24 4
8 4
128 4
887
887 1
8 2
128 2
3352 2
8 2
24 4
8 4
56 2
8 2
128 2
280 2
8 2
24 4
8 4
56 2
8 2
128 2
895
895 1
128 2
3352 2
8 2
24 4
8 4
56 2
8 2
128 2
280 2
8 2
24 4
8 4
56 2
8 2
128 2
1023
1023 1
3352 2
8 2
24 4
8 4
56 2
8 2
128 2
280 2
8 2
24 4
8 4
56 2
8 2
128 2
4375
4375 1
8 2
24 4
8 4
56 2
8 2
128 2
280 2
8 2
24 4
8 4
56 2
8 2
128 2
4383
4383 1
24 4
8 4
56 2
8 2
128 2
280 2
8 2
24 4
8 4
56 2
8 2
128 2
4407
4407 2
8 4
24 2
8 4
24 4
8 4
128 4
280 4
8 4
24 4
8 4
24 4
8 4
24 4
8 4
128 4
4415
4415 2
32 2
24 4
8 4
128 4
280 4
8 4
24 4
8 4
24 4
8 4
24 4
8 4
128 4
4471
4471 1
8 2
128 2
280 2
8 2
24 4
8 4
56 2
8 2
128 2
4479
4479 1
128 2
280 2
8 2
24 4
8 4
56 2
8 2
128 2
4607
4607 1
280 2
8 2
24 4
8 4
56 2
8 2
128 2
4887
4887 1
8 2
24 4
8 4
56 2
8 2
128 2
4895
4895 1
24 4
8 4
56 2
8 2
128 2
4919
4919 2
8 4
24 2
8 4
24 4
8 4
128 4
4927
4927 2
32 2
24 4
8 4
128 4
4983
4983 1
8 2
128 2
4991
4991 1
128 2
5119
5119 1
