0
0 1
1 2
2 2
2 4
2 4
8 4
6 2
2 2
8 4
32 2
194 2
2 2
2 4
2 4
8 4
6 2
2 2
8 4
32 2
1
1 1
2 2
2 4
2 4
8 4
6 2
2 2
8 4
32 2
194 2
2 2
2 4
2 4
8 4
6 2
2 2
8 4
32 2
3
3 1
2 4
2 4
8 4
6 2
2 2
8 4
32 2
194 2
2 2
2 4
2 4
8 4
6 2
2 2
8 4
32 2
5
5 2
2 4
8 4
2 2
2 4
2 4
2 4
8 4
20 4
4 4
8 4
194 4
2 4
2 4
2 4
8 4
2 4
2 4
2 4
2 4
8 4
20 4
4 4
8 4
7
7 2
8 4
4 2
2 4
2 4
8 4
20 4
4 4
8 4
194 4
2 4
2 4
2 4
8 4
2 4
2 4
2 4
2 4
8 4
20 4
4 4
8 4
15
15 2
6 4
2 4
8 4
20 2
4 4
8 4
194 4
2 4
2 4
2 4
8 4
2 4
2 4
2 4
2 4
8 4
20 4
4 4
8 4
21
21 1
2 2
8 4
32 2
194 2
2 2
2 4
2 4
8 4
6 2
2 2
8 4
32 2
23
23 1
8 4
32 2
194 2
2 2
2 4
2 4
8 4
6 2
2 2
8 4
32 2
31
31 2
24 2
8 4
194 4
2 4
2 4
2 4
8 4
2 4
2 4
2 4
2 4
8 4
20 4
4 4
8 4
63
63 1
194 2
2 2
2 4
2 4
8 4
6 2
2 2
8 4
32 2
257
257 1
2 2
2 4
2 4
8 4
6 2
2 2
8 4
32 2
259
259 1
2 4
2 4
8 4
6 2
2 2
8 4
32 2
261
261 2
2 4
8 4
2 2
2 4
2 4
2 4
8 4
20 4
4 4
8 4
263
263 2
8 4
4 2
2 4
2 4
8 4
20 4
4 4
8 4
271
271 2
6 4
2 4
8 4
20 2
4 4
8 4
277
277 1
2 2
8 4
32 2
279
279 1
8 4
32 2
287
287 2
24 2
8 4
319
319 1
