1
1 1
2 6
4 6
8 6
8 2
8 6
32 6
64 2
128 2
2 2
2 6
4 6
8 6
8 2
8 6
32 6
64 2
128 2
260 6
4 12
8 12
8 6
8 12
32 6
24 6
8 12
32 6
128 6
776 6
8 6
8 6
8 6
24 12
8 12
56 6
8 6
128 6
3864 2
8 6
32 6
64 2
128 2
3
3 3
2 6
2 12
8 12
6 6
2 6
8 12
32 6
22 6
2 6
8 12
32 6
128 6
2 6
2 6
2 12
2 12
8 12
6 6
2 6
8 12
32 6
22 6
2 6
8 12
32 6
128 6
260 6
4 12
8 12
8 6
8 12
32 6
24 6
8 12
32 6
128 6
262 12
2 12
8 12
6 12
2 12
8 12
24 12
8 12
22 12
2 12
8 12
24 12
8 12
128 12
264 12
8 12
8 12
8 12
24 12
8 12
24 12
8 12
24 12
8 12
128 12
3350 6
2 6
8 12
32 6
22 6
2 6
8 12
32 6
128 6
280 6
8 12
32 6
24 6
8 12
32 6
128 6
7
7 3
8 6
4 6
4 6
8 6
20 12
4 12
8 12
56 6
8 6
128 6
2 6
2 12
4 6
8 6
2 6
2 12
4 6
8 6
20 12
4 12
8 12
56 6
8 6
128 6
260 12
4 12
8 12
4 12
4 12
8 12
20 12
4 12
8 12
24 12
8 12
24 12
8 12
128 12
776 6
8 6
8 6
8 6
24 12
8 12
56 6
8 6
128 6
2322 6
2 12
4 6
8 6
20 12
4 12
8 12
56 6
8 6
128 6
276 12
4 12
8 12
20 12
4 12
8 12
24 12
8 12
24 12
8 12
128 12
792 6
8 6
24 12
8 12
56 6
8 6
128 6
15
15 3
8 6
8 6
20 6
4 12
8 12
56 6
8 6
128 6
2 6
2 12
4 6
8 6
2 6
2 12
4 6
8 6
20 12
4 12
8 12
56 6
8 6
128 6
260 12
4 12
8 12
4 12
4 12
8 12
20 12
4 12
8 12
24 12
8 12
24 12
8 12
128 12
776 6
8 6
8 6
8 6
24 12
8 12
56 6
8 6
128 6
2322 6
2 12
4 6
8 6
20 12
4 12
8 12
56 6
8 6
128 6
276 12
4 12
8 12
20 12
4 12
8 12
24 12
8 12
24 12
8 12
128 12
792 6
8 6
24 12
8 12
56 6
8 6
128 6
23
23 1
8 6
32 6
64 2
128 2
2 2
2 6
4 6
8 6
8 2
8 6
32 6
64 2
128 2
260 6
4 12
8 12
8 6
8 12
32 6
24 6
8 12
32 6
128 6
776 6
8 6
8 6
8 6
24 12
8 12
56 6
8 6
128 6
3864 2
8 6
32 6
64 2
128 2
31
31 3
24 6
8 12
56 6
8 6
128 6
2 6
2 12
4 6
8 6
2 6
2 12
4 6
8 6
20 12
4 12
8 12
56 6
8 6
128 6
260 12
4 12
8 12
4 12
4 12
8 12
20 12
4 12
8 12
24 12
8 12
24 12
8 12
128 12
776 6
8 6
8 6
8 6
24 12
8 12
56 6
8 6
128 6
2322 6
2 12
4 6
8 6
20 12
4 12
8 12
56 6
8 6
128 6
276 12
4 12
8 12
20 12
4 12
8 12
24 12
8 12
24 12
8 12
128 12
792 6
8 6
24 12
8 12
56 6
8 6
128 6
63
63 3
32 6
32 6
128 6
2 6
2 6
2 12
2 12
8 12
6 6
2 6
8 12
32 6
22 6
2 6
8 12
32 6
128 6
260 6
4 12
8 12
8 6
8 12
32 6
24 6
8 12
32 6
128 6
262 12
2 12
8 12
6 12
2 12
8 12
24 12
8 12
22 12
2 12
8 12
24 12
8 12
128 12
264 12
8 12
8 12
8 12
24 12
8 12
24 12
8 12
24 12
8 12
128 12
3350 6
2 6
8 12
32 6
22 6
2 6
8 12
32 6
128 6
280 6
8 12
32 6
24 6
8 12
32 6
128 6
127
127 1
128 2
2 2
2 6
4 6
8 6
8 2
8 6
32 6
64 2
128 2
260 6
4 12
8 12
8 6
8 12
32 6
24 6
8 12
32 6
128 6
776 6
8 6
8 6
8 6
24 12
8 12
56 6
8 6
128 6
3864 2
8 6
32 6
64 2
128 2
255
255 1
2 2
2 6
4 6
8 6
8 2
8 6
32 6
64 2
128 2
260 6
4 12
8 12
8 6
8 12
32 6
24 6
8 12
32 6
128 6
776 6
8 6
8 6
8 6
24 12
8 12
56 6
8 6
128 6
3864 2
8 6
32 6
64 2
128 2
257
257 1
2 6
4 6
8 6
8 2
8 6
32 6
64 2
128 2
260 6
4 12
8 12
8 6
8 12
32 6
24 6
8 12
32 6
128 6
776 6
8 6
8 6
8 6
24 12
8 12
56 6
8 6
128 6
3864 2
8 6
32 6
64 2
128 2
259
259 3
2 6
2 12
8 12
6 6
2 6
8 12
32 6
22 6
2 6
8 12
32 6
128 6
260 6
4 12
8 12
8 6
8 12
32 6
24 6
8 12
32 6
128 6
262 12
2 12
8 12
6 12
2 12
8 12
24 12
8 12
22 12
2 12
8 12
24 12
8 12
128 12
264 12
8 12
8 12
8 12
24 12
8 12
24 12
8 12
24 12
8 12
128 12
3350 6
2 6
8 12
32 6
22 6
2 6
8 12
32 6
128 6
280 6
8 12
32 6
24 6
8 12
32 6
128 6
263
263 3
8 6
4 6
4 6
8 6
20 12
4 12
8 12
56 6
8 6
128 6
260 12
4 12
8 12
4 12
4 12
8 12
20 12
4 12
8 12
24 12
8 12
24 12
8 12
128 12
776 6
8 6
8 6
8 6
24 12
8 12
56 6
8 6
128 6
2322 6
2 12
4 6
8 6
20 12
4 12
8 12
56 6
8 6
128 6
276 12
4 12
8 12
20 12
4 12
8 12
24 12
8 12
24 12
8 12
128 12
792 6
8 6
24 12
8 12
56 6
8 6
128 6
271
271 3
8 6
8 6
20 6
4 12
8 12
56 6
8 6
128 6
260 12
4 12
8 12
4 12
4 12
8 12
20 12
4 12
8 12
24 12
8 12
24 12
8 12
128 12
776 6
8 6
8 6
8 6
24 12
8 12
56 6
8 6
128 6
2322 6
2 12
4 6
8 6
20 12
4 12
8 12
56 6
8 6
128 6
276 12
4 12
8 12
20 12
4 12
8 12
24 12
8 12
24 12
8 12
128 12
792 6
8 6
24 12
8 12
56 6
8 6
128 6
279
279 1
8 6
32 6
64 2
128 2
260 6
4 12
8 12
8 6
8 12
32 6
24 6
8 12
32 6
128 6
776 6
8 6
8 6
8 6
24 12
8 12
56 6
8 6
128 6
3864 2
8 6
32 6
64 2
128 2
287
287 3
24 6
8 12
56 6
8 6
128 6
260 12
4 12
8 12
4 12
4 12
8 12
20 12
4 12
8 12
24 12
8 12
24 12
8 12
128 12
776 6
8 6
8 6
8 6
24 12
8 12
56 6
8 6
128 6
2322 6
2 12
4 6
8 6
20 12
4 12
8 12
56 6
8 6
128 6
276 12
4 12
8 12
20 12
4 12
8 12
24 12
8 12
24 12
8 12
128 12
792 6
8 6
24 12
8 12
56 6
8 6
128 6
319
319 3
32 6
32 6
128 6
260 6
4 12
8 12
8 6
8 12
32 6
24 6
8 12
32 6
128 6
262 12
2 12
8 12
6 12
2 12
8 12
24 12
8 12
22 12
2 12
8 12
24 12
8 12
128 12
264 12
8 12
8 12
8 12
24 12
8 12
24 12
8 12
24 12
8 12
128 12
3350 6
2 6
8 12
32 6
22 6
2 6
8 12
32 6
128 6
280 6
8 12
32 6
24 6
8 12
32 6
128 6
383
383 1
128 2
260 6
4 12
8 12
8 6
8 12
32 6
24 6
8 12
32 6
128 6
776 6
8 6
8 6
8 6
24 12
8 12
56 6
8 6
128 6
3864 2
8 6
32 6
64 2
128 2
511
511 1
260 6
4 12
8 12
8 6
8 12
32 6
24 6
8 12
32 6
128 6
776 6
8 6
8 6
8 6
24 12
8 12
56 6
8 6
128 6
3864 2
8 6
32 6
64 2
128 2
771
771 3
4 12
8 12
8 6
8 12
32 6
24 6
8 12
32 6
128 6
262 6
2 12
8 12
6 12
2 12
8 12
24 12
8 12
22 12
2 12
8 12
24 12
8 12
128 12
264 12
8 12
8 12
8 12
24 12
8 12
24 12
8 12
24 12
8 12
128 12
3350 6
2 6
8 12
32 6
22 6
2 6
8 12
32 6
128 6
280 6
8 12
32 6
24 6
8 12
32 6
128 6
775
775 6
8 12
4 6
4 12
8 12
20 12
4 12
8 12
24 12
8 12
24 12
8 12
128 12
264 6
8 12
6 12
2 12
8 12
24 12
8 12
22 12
2 12
8 12
24 12
8 12
128 12
264 12
8 12
8 12
8 12
24 12
8 12
24 12
8 12
24 12
8 12
128 12
2326 6
2 12
8 12
20 12
4 12
8 12
22 12
2 12
8 12
24 12
8 12
128 12
276 12
4 12
8 12
20 12
4 12
8 12
24 12
8 12
24 12
8 12
128 12
278 12
2 12
8 12
24 12
8 12
22 12
2 12
8 12
24 12
8 12
128 12
280 12
8 12
24 12
8 12
24 12
8 12
24 12
8 12
128 12
783
783 6
8 12
8 12
20 6
4 12
8 12
24 12
8 12
24 12
8 12
128 12
272 6
8 12
8 12
24 12
8 12
22 12
2 12
8 12
24 12
8 12
128 12
264 12
8 12
8 12
8 12
24 12
8 12
24 12
8 12
24 12
8 12
128 12
2328 12
8 12
24 12
8 12
22 6
2 12
8 12
24 12
8 12
128 12
276 12
4 12
8 12
20 12
4 12
8 12
24 12
8 12
24 12
8 12
128 12
278 12
2 12
8 12
24 12
8 12
22 12
2 12
8 12
24 12
8 12
128 12
280 12
8 12
24 12
8 12
24 12
8 12
24 12
8 12
128 12
791
791 3
8 12
32 6
24 6
8 12
32 6
128 6
280 6
8 12
24 12
8 12
24 12
8 12
24 12
8 12
128 12
264 12
8 12
8 12
8 12
24 12
8 12
24 12
8 12
24 12
8 12
128 12
3350 6
2 6
8 12
32 6
22 6
2 6
8 12
32 6
128 6
280 6
8 12
32 6
24 6
8 12
32 6
128 6
799
799 6
24 6
8 12
24 12
8 12
24 12
8 12
128 12
288 6
24 12
8 12
24 12
8 12
24 12
8 12
128 12
264 12
8 12
8 12
8 12
24 12
8 12
24 12
8 12
24 12
8 12
128 12
2336 12
32 12
24 6
8 12
24 12
8 12
128 12
276 12
4 12
8 12
20 12
4 12
8 12
24 12
8 12
24 12
8 12
128 12
278 12
2 12
8 12
24 12
8 12
22 12
2 12
8 12
24 12
8 12
128 12
280 12
8 12
24 12
8 12
24 12
8 12
24 12
8 12
128 12
831
831 3
24 6
8 12
32 6
128 6
312 12
8 12
32 6
24 12
8 12
128 12
264 12
8 12
8 12
8 12
24 12
8 12
24 12
8 12
24 12
8 12
128 12
3350 6
2 6
8 12
32 6
22 6
2 6
8 12
32 6
128 6
280 6
8 12
32 6
24 6
8 12
32 6
128 6
855
855 3
8 12
32 6
128 6
312 6
8 12
56 12
8 12
128 12
264 12
8 12
8 12
8 12
24 12
8 12
24 12
8 12
24 12
8 12
128 12
3350 6
2 6
8 12
32 6
22 6
2 6
8 12
32 6
128 6
280 6
8 12
32 6
24 6
8 12
32 6
128 6
863
863 6
24 6
8 12
128 12
320 6
56 12
8 12
128 12
264 12
8 12
8 12
8 12
24 12
8 12
24 12
8 12
24 12
8 12
128 12
2400 6
32 12
128 12
276 12
4 12
8 12
20 12
4 12
8 12
24 12
8 12
24 12
8 12
128 12
278 12
2 12
8 12
24 12
8 12
22 12
2 12
8 12
24 12
8 12
128 12
280 12
8 12
24 12
8 12
24 12
8 12
24 12
8 12
128 12
895
895 3
128 6
384 6
128 12
264 12
8 12
8 12
8 12
24 12
8 12
24 12
8 12
24 12
8 12
128 12
3350 6
2 6
8 12
32 6
22 6
2 6
8 12
32 6
128 6
280 6
8 12
32 6
24 6
8 12
32 6
128 6
1023
1023 3
512 6
264 12
8 12
8 12
8 12
24 12
8 12
24 12
8 12
24 12
8 12
128 12
3350 6
2 6
8 12
32 6
22 6
2 6
8 12
32 6
128 6
280 6
8 12
32 6
24 6
8 12
32 6
128 6
1799
1799 3
8 6
8 6
8 6
24 12
8 12
56 6
8 6
128 6
2836 6
4 12
8 12
20 12
4 12
8 12
24 12
8 12
24 12
8 12
128 12
792 6
8 6
24 12
8 12
56 6
8 6
128 6
1807
1807 3
8 6
8 6
24 12
8 12
56 6
8 6
128 6
2840 12
8 12
20 6
4 12
8 12
24 12
8 12
24 12
8 12
128 12
792 6
8 6
24 12
8 12
56 6
8 6
128 6
1815
1815 3
8 6
24 12
8 12
56 6
8 6
128 6
2840 6
8 12
24 12
8 12
24 12
8 12
24 12
8 12
128 12
792 6
8 6
24 12
8 12
56 6
8 6
128 6
1823
1823 3
24 12
8 12
56 6
8 6
128 6
2848 12
24 6
8 12
24 12
8 12
24 12
8 12
128 12
792 6
8 6
24 12
8 12
56 6
8 6
128 6
1847
1847 6
8 12
24 6
8 12
24 12
8 12
128 12
2848 6
32 12
24 12
8 12
24 12
8 12
128 12
312 6
8 12
32 12
24 12
8 12
128 12
280 12
8 12
24 12
8 12
24 12
8 12
24 12
8 12
128 12
1855
1855 6
32 6
24 12
8 12
128 12
2880 6
32 12
24 12
8 12
128 12
320 12
56 6
8 12
128 12
280 12
8 12
24 12
8 12
24 12
8 12
24 12
8 12
128 12
1911
1911 3
8 6
128 6
2912 6
32 12
128 12
792 6
8 6
24 12
8 12
56 6
8 6
128 6
1919
1919 3
128 6
2944 6
128 12
792 6
8 6
24 12
8 12
56 6
8 6
128 6
2047
2047 3
3072 6
792 6
8 6
24 12
8 12
56 6
8 6
128 6
5911
5911 1
8 6
32 6
64 2
128 2
5919
5919 3
24 6
8 12
56 6
8 6
128 6
5951
5951 3
32 6
32 6
128 6
6015
6015 1
128 2
6143
6143 1
