0
0 1
1 2
2 4
4 2
8 2
2 4
2 8
4 4
8 4
20 8
4 8
8 8
56 4
8 4
146 2
2 4
4 2
8 2
20 8
4 8
8 8
56 4
8 4
436 4
4 4
8 4
24 4
8 4
24 8
8 8
1016 2
8 2
1
1 1
2 4
4 2
8 2
2 4
2 8
4 4
8 4
20 8
4 8
8 8
56 4
8 4
146 2
2 4
4 2
8 2
20 8
4 8
8 8
56 4
8 4
436 4
4 4
8 4
24 4
8 4
24 8
8 8
1016 2
8 2
3
3 2
2 2
2 4
8 4
2 8
2 8
2 8
2 8
8 8
20 8
4 8
8 8
22 8
2 8
8 8
24 8
8 8
146 4
2 4
2 4
2 4
8 4
20 8
4 8
8 8
22 8
2 8
8 8
24 8
8 8
436 4
4 4
8 4
24 8
8 8
24 8
8 8
470 4
2 4
8 4
24 8
8 8
504 4
8 4
7
7 1
8 2
2 4
2 8
4 4
8 4
20 8
4 8
8 8
56 4
8 4
146 2
2 4
4 2
8 2
20 8
4 8
8 8
56 4
8 4
436 4
4 4
8 4
24 4
8 4
24 8
8 8
1016 2
8 2
15
15 1
2 4
2 8
4 4
8 4
20 8
4 8
8 8
56 4
8 4
146 2
2 4
4 2
8 2
20 8
4 8
8 8
56 4
8 4
436 4
4 4
8 4
24 4
8 4
24 8
8 8
1016 2
8 2
17
17 2
2 8
4 4
8 4
20 8
4 8
8 8
56 4
8 4
130 2
2 8
4 4
8 4
2 4
2 8
4 4
8 4
20 8
4 8
8 8
56 4
8 4
388 8
4 8
8 8
4 8
4 8
8 8
20 8
4 8
8 8
24 8
8 8
24 8
8 8
904 4
8 4
8 4
8 4
24 8
8 8
56 4
8 4
19
19 4
2 4
2 8
8 8
20 8
4 8
8 8
22 8
2 8
8 8
24 8
8 8
132 4
2 4
2 8
8 8
2 8
2 8
2 8
2 8
8 8
20 8
4 8
8 8
22 8
2 8
8 8
24 8
8 8
388 8
4 8
8 8
4 8
4 8
8 8
20 8
4 8
8 8
24 8
8 8
24 8
8 8
390 8
2 8
8 8
6 8
2 8
8 8
24 8
8 8
22 8
2 8
8 8
24 8
8 8
392 8
8 8
8 8
8 8
24 8
8 8
24 8
8 8
24 8
8 8
23
23 2
8 4
20 8
4 8
8 8
56 4
8 4
136 2
8 4
2 4
2 8
4 4
8 4
20 8
4 8
8 8
56 4
8 4
388 8
4 8
8 8
4 8
4 8
8 8
20 8
4 8
8 8
24 8
8 8
24 8
8 8
904 4
8 4
8 4
8 4
24 8
8 8
56 4
8 4
31
31 2
20 8
4 8
8 8
56 4
8 4
144 2
2 4
2 8
4 4
8 4
20 8
4 8
8 8
56 4
8 4
388 8
4 8
8 8
4 8
4 8
8 8
20 8
4 8
8 8
24 8
8 8
24 8
8 8
904 4
8 4
8 4
8 4
24 8
8 8
56 4
8 4
51
51 4
4 8
8 8
22 4
2 8
8 8
24 8
8 8
146 8
2 8
2 8
2 8
8 8
20 8
4 8
8 8
22 8
2 8
8 8
24 8
8 8
388 4
4 8
8 8
4 8
4 8
8 8
20 8
4 8
8 8
24 8
8 8
24 8
8 8
390 4
2 8
8 8
6 8
2 8
8 8
24 8
8 8
22 8
2 8
8 8
24 8
8 8
392 8
8 8
8 8
8 8
24 8
8 8
24 8
8 8
24 8
8 8
55
55 4
8 8
24 4
8 8
24 8
8 8
146 8
2 8
2 8
2 8
8 8
20 8
4 8
8 8
22 8
2 8
8 8
24 8
8 8
392 4
8 8
4 8
4 8
8 8
20 8
4 8
8 8
24 8
8 8
24 8
8 8
392 4
8 8
6 8
2 8
8 8
24 8
8 8
22 8
2 8
8 8
24 8
8 8
392 8
8 8
8 8
8 8
24 8
8 8
24 8
8 8
24 8
8 8
63
63 4
32 4
24 8
8 8
146 8
2 8
2 8
2 8
8 8
20 8
4 8
8 8
22 8
2 8
8 8
24 8
8 8
400 4
4 8
4 8
8 8
20 8
4 8
8 8
24 8
8 8
24 8
8 8
400 4
6 8
2 8
8 8
24 8
8 8
22 8
2 8
8 8
24 8
8 8
392 8
8 8
8 8
8 8
24 8
8 8
24 8
8 8
24 8
8 8
119
119 2
8 4
146 4
2 8
4 4
8 4
20 8
4 8
8 8
56 4
8 4
404 8
4 8
8 8
20 8
4 8
8 8
24 8
8 8
24 8
8 8
904 2
8 4
8 4
8 4
24 8
8 8
56 4
8 4
127
127 2
146 4
2 8
4 4
8 4
20 8
4 8
8 8
56 4
8 4
404 8
4 8
8 8
20 8
4 8
8 8
24 8
8 8
24 8
8 8
912 2
8 4
8 4
24 8
8 8
56 4
8 4
273
273 1
2 4
4 2
8 2
20 8
4 8
8 8
56 4
8 4
436 4
4 4
8 4
24 4
8 4
24 8
8 8
1016 2
8 2
275
275 2
2 2
2 4
8 4
20 8
4 8
8 8
22 8
2 8
8 8
24 8
8 8
436 4
4 4
8 4
24 8
8 8
24 8
8 8
470 4
2 4
8 4
24 8
8 8
504 4
8 4
279
279 1
8 2
20 8
4 8
8 8
56 4
8 4
436 4
4 4
8 4
24 4
8 4
24 8
8 8
1016 2
8 2
287
287 1
20 8
4 8
8 8
56 4
8 4
436 4
4 4
8 4
24 4
8 4
24 8
8 8
1016 2
8 2
307
307 4
4 8
8 8
22 4
2 8
8 8
24 8
8 8
404 4
4 8
8 8
20 8
4 8
8 8
24 8
8 8
24 8
8 8
406 4
2 8
8 8
24 8
8 8
22 8
2 8
8 8
24 8
8 8
408 8
8 8
24 8
8 8
24 8
8 8
24 8
8 8
311
311 4
8 8
24 4
8 8
24 8
8 8
408 4
8 8
20 8
4 8
8 8
24 8
8 8
24 8
8 8
408 4
8 8
24 8
8 8
22 8
2 8
8 8
24 8
8 8
408 8
8 8
24 8
8 8
24 8
8 8
24 8
8 8
319
319 4
32 4
24 8
8 8
416 4
20 8
4 8
8 8
24 8
8 8
24 8
8 8
416 4
24 8
8 8
22 8
2 8
8 8
24 8
8 8
408 8
8 8
24 8
8 8
24 8
8 8
24 8
8 8
375
375 2
8 4
436 8
4 8
8 8
24 8
8 8
24 8
8 8
920 2
8 4
24 8
8 8
56 4
8 4
383
383 2
436 8
4 8
8 8
24 8
8 8
24 8
8 8
928 2
24 8
8 8
56 4
8 4
819
819 2
4 4
8 4
24 8
8 8
24 8
8 8
470 2
2 4
8 4
24 8
8 8
504 4
8 4
823
823 2
8 4
24 8
8 8
24 8
8 8
472 2
8 4
24 8
8 8
504 4
8 4
831
831 2
24 8
8 8
24 8
8 8
480 2
24 8
8 8
504 4
8 4
855
855 2
8 4
24 8
8 8
440 2
8 4
56 8
8 8
504 4
8 4
863
863 2
24 8
8 8
448 2
56 8
8 8
504 4
8 4
887
887 4
8 8
504 4
8 8
440 4
8 8
24 4
8 8
24 8
8 8
895
895 4
512 4
448 4
32 4
24 8
8 8
1911
1911 1
8 2
1919
1919 1
