3
3 1
4 4
8 4
8 2
8 4
32 2
24 2
8 4
32 2
128 2
4 2
4 4
8 4
8 2
8 4
32 2
24 2
8 4
32 2
128 2
260 2
4 4
8 4
8 2
8 4
32 2
24 2
8 4
32 2
128 2
264 4
8 4
8 4
8 4
24 4
8 4
24 4
8 4
24 4
8 4
128 4
264 4
8 4
8 4
8 4
24 4
8 4
24 4
8 4
24 4
8 4
128 4
3352 2
8 4
32 2
24 2
8 4
32 2
128 2
280 2
8 4
32 2
24 2
8 4
32 2
128 2
7
7 2
8 4
4 2
4 4
8 4
20 4
4 4
8 4
24 4
8 4
24 4
8 4
128 4
4 4
4 4
8 4
4 4
4 4
8 4
20 4
4 4
8 4
24 4
8 4
24 4
8 4
128 4
260 4
4 4
8 4
4 4
4 4
8 4
20 4
4 4
8 4
24 4
8 4
24 4
8 4
128 4
264 4
8 4
8 4
8 4
24 4
8 4
24 4
8 4
24 4
8 4
128 4
264 4
8 4
8 4
8 4
24 4
8 4
24 4
8 4
24 4
8 4
128 4
2324 4
4 4
8 4
20 4
4 4
8 4
24 4
8 4
24 4
8 4
128 4
276 4
4 4
8 4
20 4
4 4
8 4
24 4
8 4
24 4
8 4
128 4
280 4
8 4
24 4
8 4
24 4
8 4
24 4
8 4
128 4
280 4
8 4
24 4
8 4
24 4
8 4
24 4
8 4
128 4
15
15 2
8 4
8 4
20 2
4 4
8 4
24 4
8 4
24 4
8 4
128 4
4 4
4 4
8 4
4 4
4 4
8 4
20 4
4 4
8 4
24 4
8 4
24 4
8 4
128 4
260 4
4 4
8 4
4 4
4 4
8 4
20 4
4 4
8 4
24 4
8 4
24 4
8 4
128 4
264 4
8 4
8 4
8 4
24 4
8 4
24 4
8 4
24 4
8 4
128 4
264 4
8 4
8 4
8 4
24 4
8 4
24 4
8 4
24 4
8 4
128 4
2324 4
4 4
8 4
20 4
4 4
8 4
24 4
8 4
24 4
8 4
128 4
276 4
4 4
8 4
20 4
4 4
8 4
24 4
8 4
24 4
8 4
128 4
280 4
8 4
24 4
8 4
24 4
8 4
24 4
8 4
128 4
280 4
8 4
24 4
8 4
24 4
8 4
24 4
8 4
128 4
23
23 1
8 4
32 2
24 2
8 4
32 2
128 2
4 2
4 4
8 4
8 2
8 4
32 2
24 2
8 4
32 2
128 2
260 2
4 4
8 4
8 2
8 4
32 2
24 2
8 4
32 2
128 2
264 4
8 4
8 4
8 4
24 4
8 4
24 4
8 4
24 4
8 4
128 4
264 4
8 4
8 4
8 4
24 4
8 4
24 4
8 4
24 4
8 4
128 4
3352 2
8 4
32 2
24 2
8 4
32 2
128 2
280 2
8 4
32 2
24 2
8 4
32 2
128 2
31
31 2
24 2
8 4
24 4
8 4
24 4
8 4
128 4
4 4
4 4
8 4
4 4
4 4
8 4
20 4
4 4
8 4
24 4
8 4
24 4
8 4
128 4
260 4
4 4
8 4
4 4
4 4
8 4
20 4
4 4
8 4
24 4
8 4
24 4
8 4
128 4
264 4
8 4
8 4
8 4
24 4
8 4
24 4
8 4
24 4
8 4
128 4
264 4
8 4
8 4
8 4
24 4
8 4
24 4
8 4
24 4
8 4
128 4
2324 4
4 4
8 4
20 4
4 4
8 4
24 4
8 4
24 4
8 4
128 4
276 4
4 4
8 4
20 4
4 4
8 4
24 4
8 4
24 4
8 4
128 4
280 4
8 4
24 4
8 4
24 4
8 4
24 4
8 4
128 4
280 4
8 4
24 4
8 4
24 4
8 4
24 4
8 4
128 4
63
63 1
24 2
8 4
32 2
128 2
4 2
4 4
8 4
8 2
8 4
32 2
24 2
8 4
32 2
128 2
260 2
4 4
8 4
8 2
8 4
32 2
24 2
8 4
32 2
128 2
264 4
8 4
8 4
8 4
24 4
8 4
24 4
8 4
24 4
8 4
128 4
264 4
8 4
8 4
8 4
24 4
8 4
24 4
8 4
24 4
8 4
128 4
3352 2
8 4
32 2
24 2
8 4
32 2
128 2
280 2
8 4
32 2
24 2
8 4
32 2
128 2
87
87 1
8 4
32 2
128 2
4 2
4 4
8 4
8 2
8 4
32 2
24 2
8 4
32 2
128 2
260 2
4 4
8 4
8 2
8 4
32 2
24 2
8 4
32 2
128 2
264 4
8 4
8 4
8 4
24 4
8 4
24 4
8 4
24 4
8 4
128 4
264 4
8 4
8 4
8 4
24 4
8 4
24 4
8 4
24 4
8 4
128 4
3352 2
8 4
32 2
24 2
8 4
32 2
128 2
280 2
8 4
32 2
24 2
8 4
32 2
128 2
95
95 2
24 2
8 4
128 4
4 4
4 4
8 4
4 4
4 4
8 4
20 4
4 4
8 4
24 4
8 4
24 4
8 4
128 4
260 4
4 4
8 4
4 4
4 4
8 4
20 4
4 4
8 4
24 4
8 4
24 4
8 4
128 4
264 4
8 4
8 4
8 4
24 4
8 4
24 4
8 4
24 4
8 4
128 4
264 4
8 4
8 4
8 4
24 4
8 4
24 4
8 4
24 4
8 4
128 4
2324 4
4 4
8 4
20 4
4 4
8 4
24 4
8 4
24 4
8 4
128 4
276 4
4 4
8 4
20 4
4 4
8 4
24 4
8 4
24 4
8 4
128 4
280 4
8 4
24 4
8 4
24 4
8 4
24 4
8 4
128 4
280 4
8 4
24 4
8 4
24 4
8 4
24 4
8 4
128 4
127
127 1
128 2
4 2
4 4
8 4
8 2
8 4
32 2
24 2
8 4
32 2
128 2
260 2
4 4
8 4
8 2
8 4
32 2
24 2
8 4
32 2
128 2
264 4
8 4
8 4
8 4
24 4
8 4
24 4
8 4
24 4
8 4
128 4
264 4
8 4
8 4
8 4
24 4
8 4
24 4
8 4
24 4
8 4
128 4
3352 2
8 4
32 2
24 2
8 4
32 2
128 2
280 2
8 4
32 2
24 2
8 4
32 2
128 2
255
255 1
4 2
4 4
8 4
8 2
8 4
32 2
24 2
8 4
32 2
128 2
260 2
4 4
8 4
8 2
8 4
32 2
24 2
8 4
32 2
128 2
264 4
8 4
8 4
8 4
24 4
8 4
24 4
8 4
24 4
8 4
128 4
264 4
8 4
8 4
8 4
24 4
8 4
24 4
8 4
24 4
8 4
128 4
3352 2
8 4
32 2
24 2
8 4
32 2
128 2
280 2
8 4
32 2
24 2
8 4
32 2
128 2
259
259 1
4 4
8 4
8 2
8 4
32 2
24 2
8 4
32 2
128 2
260 2
4 4
8 4
8 2
8 4
32 2
24 2
8 4
32 2
128 2
264 4
8 4
8 4
8 4
24 4
8 4
24 4
8 4
24 4
8 4
128 4
264 4
8 4
8 4
8 4
24 4
8 4
24 4
8 4
24 4
8 4
128 4
3352 2
8 4
32 2
24 2
8 4
32 2
128 2
280 2
8 4
32 2
24 2
8 4
32 2
128 2
263
263 2
8 4
4 2
4 4
8 4
20 4
4 4
8 4
24 4
8 4
24 4
8 4
128 4
260 4
4 4
8 4
4 4
4 4
8 4
20 4
4 4
8 4
24 4
8 4
24 4
8 4
128 4
264 4
8 4
8 4
8 4
24 4
8 4
24 4
8 4
24 4
8 4
128 4
264 4
8 4
8 4
8 4
24 4
8 4
24 4
8 4
24 4
8 4
128 4
2324 4
4 4
8 4
20 4
4 4
8 4
24 4
8 4
24 4
8 4
128 4
276 4
4 4
8 4
20 4
4 4
8 4
24 4
8 4
24 4
8 4
128 4
280 4
8 4
24 4
8 4
24 4
8 4
24 4
8 4
128 4
280 4
8 4
24 4
8 4
24 4
8 4
24 4
8 4
128 4
271
271 2
8 4
8 4
20 2
4 4
8 4
24 4
8 4
24 4
8 4
128 4
260 4
4 4
8 4
4 4
4 4
8 4
20 4
4 4
8 4
24 4
8 4
24 4
8 4
128 4
264 4
8 4
8 4
8 4
24 4
8 4
24 4
8 4
24 4
8 4
128 4
264 4
8 4
8 4
8 4
24 4
8 4
24 4
8 4
24 4
8 4
128 4
2324 4
4 4
8 4
20 4
4 4
8 4
24 4
8 4
24 4
8 4
128 4
276 4
4 4
8 4
20 4
4 4
8 4
24 4
8 4
24 4
8 4
128 4
280 4
8 4
24 4
8 4
24 4
8 4
24 4
8 4
128 4
280 4
8 4
24 4
8 4
24 4
8 4
24 4
8 4
128 4
279
279 1
8 4
32 2
24 2
8 4
32 2
128 2
260 2
4 4
8 4
8 2
8 4
32 2
24 2
8 4
32 2
128 2
264 4
8 4
8 4
8 4
24 4
8 4
24 4
8 4
24 4
8 4
128 4
264 4
8 4
8 4
8 4
24 4
8 4
24 4
8 4
24 4
8 4
128 4
3352 2
8 4
32 2
24 2
8 4
32 2
128 2
280 2
8 4
32 2
24 2
8 4
32 2
128 2
287
287 2
24 2
8 4
24 4
8 4
24 4
8 4
128 4
260 4
4 4
8 4
4 4
4 4
8 4
20 4
4 4
8 4
24 4
8 4
24 4
8 4
128 4
264 4
8 4
8 4
8 4
24 4
8 4
24 4
8 4
24 4
8 4
128 4
264 4
8 4
8 4
8 4
24 4
8 4
24 4
8 4
24 4
8 4
128 4
2324 4
4 4
8 4
20 4
4 4
8 4
24 4
8 4
24 4
8 4
128 4
276 4
4 4
8 4
20 4
4 4
8 4
24 4
8 4
24 4
8 4
128 4
280 4
8 4
24 4
8 4
24 4
8 4
24 4
8 4
128 4
280 4
8 4
24 4
8 4
24 4
8 4
24 4
8 4
128 4
319
319 1
24 2
8 4
32 2
128 2
260 2
4 4
8 4
8 2
8 4
32 2
24 2
8 4
32 2
128 2
264 4
8 4
8 4
8 4
24 4
8 4
24 4
8 4
24 4
8 4
128 4
264 4
8 4
8 4
8 4
24 4
8 4
24 4
8 4
24 4
8 4
128 4
3352 2
8 4
32 2
24 2
8 4
32 2
128 2
280 2
8 4
32 2
24 2
8 4
32 2
128 2
343
343 1
8 4
32 2
128 2
260 2
4 4
8 4
8 2
8 4
32 2
24 2
8 4
32 2
128 2
264 4
8 4
8 4
8 4
24 4
8 4
24 4
8 4
24 4
8 4
128 4
264 4
8 4
8 4
8 4
24 4
8 4
24 4
8 4
24 4
8 4
128 4
3352 2
8 4
32 2
24 2
8 4
32 2
128 2
280 2
8 4
32 2
24 2
8 4
32 2
128 2
351
351 2
24 2
8 4
128 4
260 4
4 4
8 4
4 4
4 4
8 4
20 4
4 4
8 4
24 4
8 4
24 4
8 4
128 4
264 4
8 4
8 4
8 4
24 4
8 4
24 4
8 4
24 4
8 4
128 4
264 4
8 4
8 4
8 4
24 4
8 4
24 4
8 4
24 4
8 4
128 4
2324 4
4 4
8 4
20 4
4 4
8 4
24 4
8 4
24 4
8 4
128 4
276 4
4 4
8 4
20 4
4 4
8 4
24 4
8 4
24 4
8 4
128 4
280 4
8 4
24 4
8 4
24 4
8 4
24 4
8 4
128 4
280 4
8 4
24 4
8 4
24 4
8 4
24 4
8 4
128 4
383
383 1
128 2
260 2
4 4
8 4
8 2
8 4
32 2
24 2
8 4
32 2
128 2
264 4
8 4
8 4
8 4
24 4
8 4
24 4
8 4
24 4
8 4
128 4
264 4
8 4
8 4
8 4
24 4
8 4
24 4
8 4
24 4
8 4
128 4
3352 2
8 4
32 2
24 2
8 4
32 2
128 2
280 2
8 4
32 2
24 2
8 4
32 2
128 2
511
511 1
260 2
4 4
8 4
8 2
8 4
32 2
24 2
8 4
32 2
128 2
264 4
8 4
8 4
8 4
24 4
8 4
24 4
8 4
24 4
8 4
128 4
264 4
8 4
8 4
8 4
24 4
8 4
24 4
8 4
24 4
8 4
128 4
3352 2
8 4
32 2
24 2
8 4
32 2
128 2
280 2
8 4
32 2
24 2
8 4
32 2
128 2
771
771 1
4 4
8 4
8 2
8 4
32 2
24 2
8 4
32 2
128 2
264 4
8 4
8 4
8 4
24 4
8 4
24 4
8 4
24 4
8 4
128 4
264 4
8 4
8 4
8 4
24 4
8 4
24 4
8 4
24 4
8 4
128 4
3352 2
8 4
32 2
24 2
8 4
32 2
128 2
280 2
8 4
32 2
24 2
8 4
32 2
128 2
775
775 2
8 4
4 2
4 4
8 4
20 4
4 4
8 4
24 4
8 4
24 4
8 4
128 4
264 4
8 4
8 4
8 4
24 4
8 4
24 4
8 4
24 4
8 4
128 4
264 4
8 4
8 4
8 4
24 4
8 4
24 4
8 4
24 4
8 4
128 4
2324 4
4 4
8 4
20 4
4 4
8 4
24 4
8 4
24 4
8 4
128 4
276 4
4 4
8 4
20 4
4 4
8 4
24 4
8 4
24 4
8 4
128 4
280 4
8 4
24 4
8 4
24 4
8 4
24 4
8 4
128 4
280 4
8 4
24 4
8 4
24 4
8 4
24 4
8 4
128 4
783
783 2
8 4
8 4
20 2
4 4
8 4
24 4
8 4
24 4
8 4
128 4
264 4
8 4
8 4
8 4
24 4
8 4
24 4
8 4
24 4
8 4
128 4
264 4
8 4
8 4
8 4
24 4
8 4
24 4
8 4
24 4
8 4
128 4
2324 4
4 4
8 4
20 4
4 4
8 4
24 4
8 4
24 4
8 4
128 4
276 4
4 4
8 4
20 4
4 4
8 4
24 4
8 4
24 4
8 4
128 4
280 4
8 4
24 4
8 4
24 4
8 4
24 4
8 4
128 4
280 4
8 4
24 4
8 4
24 4
8 4
24 4
8 4
128 4
791
791 1
8 4
32 2
24 2
8 4
32 2
128 2
264 4
8 4
8 4
8 4
24 4
8 4
24 4
8 4
24 4
8 4
128 4
264 4
8 4
8 4
8 4
24 4
8 4
24 4
8 4
24 4
8 4
128 4
3352 2
8 4
32 2
24 2
8 4
32 2
128 2
280 2
8 4
32 2
24 2
8 4
32 2
128 2
799
799 2
24 2
8 4
24 4
8 4
24 4
8 4
128 4
264 4
8 4
8 4
8 4
24 4
8 4
24 4
8 4
24 4
8 4
128 4
264 4
8 4
8 4
8 4
24 4
8 4
24 4
8 4
24 4
8 4
128 4
2324 4
4 4
8 4
20 4
4 4
8 4
24 4
8 4
24 4
8 4
128 4
276 4
4 4
8 4
20 4
4 4
8 4
24 4
8 4
24 4
8 4
128 4
280 4
8 4
24 4
8 4
24 4
8 4
24 4
8 4
128 4
280 4
8 4
24 4
8 4
24 4
8 4
24 4
8 4
128 4
831
831 1
24 2
8 4
32 2
128 2
264 4
8 4
8 4
8 4
24 4
8 4
24 4
8 4
24 4
8 4
128 4
264 4
8 4
8 4
8 4
24 4
8 4
24 4
8 4
24 4
8 4
128 4
3352 2
8 4
32 2
24 2
8 4
32 2
128 2
280 2
8 4
32 2
24 2
8 4
32 2
128 2
855
855 1
8 4
32 2
128 2
264 4
8 4
8 4
8 4
24 4
8 4
24 4
8 4
24 4
8 4
128 4
264 4
8 4
8 4
8 4
24 4
8 4
24 4
8 4
24 4
8 4
128 4
3352 2
8 4
32 2
24 2
8 4
32 2
128 2
280 2
8 4
32 2
24 2
8 4
32 2
128 2
863
863 2
24 2
8 4
128 4
264 4
8 4
8 4
8 4
24 4
8 4
24 4
8 4
24 4
8 4
128 4
264 4
8 4
8 4
8 4
24 4
8 4
24 4
8 4
24 4
8 4
128 4
2324 4
4 4
8 4
20 4
4 4
8 4
24 4
8 4
24 4
8 4
128 4
276 4
4 4
8 4
20 4
4 4
8 4
24 4
8 4
24 4
8 4
128 4
280 4
8 4
24 4
8 4
24 4
8 4
24 4
8 4
128 4
280 4
8 4
24 4
8 4
24 4
8 4
24 4
8 4
128 4
895
895 1
128 2
264 4
8 4
8 4
8 4
24 4
8 4
24 4
8 4
24 4
8 4
128 4
264 4
8 4
8 4
8 4
24 4
8 4
24 4
8 4
24 4
8 4
128 4
3352 2
8 4
32 2
24 2
8 4
32 2
128 2
280 2
8 4
32 2
24 2
8 4
32 2
128 2
1023
1023 1
264 4
8 4
8 4
8 4
24 4
8 4
24 4
8 4
24 4
8 4
128 4
264 4
8 4
8 4
8 4
24 4
8 4
24 4
8 4
24 4
8 4
128 4
3352 2
8 4
32 2
24 2
8 4
32 2
128 2
280 2
8 4
32 2
24 2
8 4
32 2
128 2
1287
1287 2
8 4
8 4
8 4
24 4
8 4
24 4
8 4
24 4
8 4
128 4
264 4
8 4
8 4
8 4
24 4
8 4
24 4
8 4
24 4
8 4
128 4
2324 2
4 4
8 4
20 4
4 4
8 4
24 4
8 4
24 4
8 4
128 4
276 4
4 4
8 4
20 4
4 4
8 4
24 4
8 4
24 4
8 4
128 4
280 4
8 4
24 4
8 4
24 4
8 4
24 4
8 4
128 4
280 4
8 4
24 4
8 4
24 4
8 4
24 4
8 4
128 4
1295
1295 2
8 4
8 4
24 4
8 4
24 4
8 4
24 4
8 4
128 4
264 4
8 4
8 4
8 4
24 4
8 4
24 4
8 4
24 4
8 4
128 4
2328 4
8 4
20 2
4 4
8 4
24 4
8 4
24 4
8 4
128 4
276 4
4 4
8 4
20 4
4 4
8 4
24 4
8 4
24 4
8 4
128 4
280 4
8 4
24 4
8 4
24 4
8 4
24 4
8 4
128 4
280 4
8 4
24 4
8 4
24 4
8 4
24 4
8 4
128 4
1303
1303 2
8 4
24 4
8 4
24 4
8 4
24 4
8 4
128 4
264 4
8 4
8 4
8 4
24 4
8 4
24 4
8 4
24 4
8 4
128 4
2328 2
8 4
24 4
8 4
24 4
8 4
24 4
8 4
128 4
276 4
4 4
8 4
20 4
4 4
8 4
24 4
8 4
24 4
8 4
128 4
280 4
8 4
24 4
8 4
24 4
8 4
24 4
8 4
128 4
280 4
8 4
24 4
8 4
24 4
8 4
24 4
8 4
128 4
1311
1311 2
24 4
8 4
24 4
8 4
24 4
8 4
128 4
264 4
8 4
8 4
8 4
24 4
8 4
24 4
8 4
24 4
8 4
128 4
2336 4
24 2
8 4
24 4
8 4
24 4
8 4
128 4
276 4
4 4
8 4
20 4
4 4
8 4
24 4
8 4
24 4
8 4
128 4
280 4
8 4
24 4
8 4
24 4
8 4
24 4
8 4
128 4
280 4
8 4
24 4
8 4
24 4
8 4
24 4
8 4
128 4
1335
1335 2
8 4
24 4
8 4
24 4
8 4
128 4
264 4
8 4
8 4
8 4
24 4
8 4
24 4
8 4
24 4
8 4
128 4
2336 2
32 4
24 4
8 4
24 4
8 4
128 4
276 4
4 4
8 4
20 4
4 4
8 4
24 4
8 4
24 4
8 4
128 4
280 4
8 4
24 4
8 4
24 4
8 4
24 4
8 4
128 4
280 4
8 4
24 4
8 4
24 4
8 4
24 4
8 4
128 4
1343
1343 2
24 4
8 4
24 4
8 4
128 4
264 4
8 4
8 4
8 4
24 4
8 4
24 4
8 4
24 4
8 4
128 4
2368 2
24 4
8 4
24 4
8 4
128 4
276 4
4 4
8 4
20 4
4 4
8 4
24 4
8 4
24 4
8 4
128 4
280 4
8 4
24 4
8 4
24 4
8 4
24 4
8 4
128 4
280 4
8 4
24 4
8 4
24 4
8 4
24 4
8 4
128 4
1367
1367 2
8 4
24 4
8 4
128 4
264 4
8 4
8 4
8 4
24 4
8 4
24 4
8 4
24 4
8 4
128 4
2392 2
8 4
24 4
8 4
128 4
276 4
4 4
8 4
20 4
4 4
8 4
24 4
8 4
24 4
8 4
128 4
280 4
8 4
24 4
8 4
24 4
8 4
24 4
8 4
128 4
280 4
8 4
24 4
8 4
24 4
8 4
24 4
8 4
128 4
1375
1375 2
24 4
8 4
128 4
264 4
8 4
8 4
8 4
24 4
8 4
24 4
8 4
24 4
8 4
128 4
2400 4
24 2
8 4
128 4
276 4
4 4
8 4
20 4
4 4
8 4
24 4
8 4
24 4
8 4
128 4
280 4
8 4
24 4
8 4
24 4
8 4
24 4
8 4
128 4
280 4
8 4
24 4
8 4
24 4
8 4
24 4
8 4
128 4
1399
1399 2
8 4
128 4
264 4
8 4
8 4
8 4
24 4
8 4
24 4
8 4
24 4
8 4
128 4
2400 2
32 4
128 4
276 4
4 4
8 4
20 4
4 4
8 4
24 4
8 4
24 4
8 4
128 4
280 4
8 4
24 4
8 4
24 4
8 4
24 4
8 4
128 4
280 4
8 4
24 4
8 4
24 4
8 4
24 4
8 4
128 4
1407
1407 2
128 4
264 4
8 4
8 4
8 4
24 4
8 4
24 4
8 4
24 4
8 4
128 4
2432 2
128 4
276 4
4 4
8 4
20 4
4 4
8 4
24 4
8 4
24 4
8 4
128 4
280 4
8 4
24 4
8 4
24 4
8 4
24 4
8 4
128 4
280 4
8 4
24 4
8 4
24 4
8 4
24 4
8 4
128 4
1535
1535 2
264 4
8 4
8 4
8 4
24 4
8 4
24 4
8 4
24 4
8 4
128 4
2560 2
276 4
4 4
8 4
20 4
4 4
8 4
24 4
8 4
24 4
8 4
128 4
280 4
8 4
24 4
8 4
24 4
8 4
24 4
8 4
128 4
280 4
8 4
24 4
8 4
24 4
8 4
24 4
8 4
128 4
1799
1799 2
8 4
8 4
8 4
24 4
8 4
24 4
8 4
24 4
8 4
128 4
2836 2
4 4
8 4
20 4
4 4
8 4
24 4
8 4
24 4
8 4
128 4
280 4
8 4
24 4
8 4
24 4
8 4
24 4
8 4
128 4
280 4
8 4
24 4
8 4
24 4
8 4
24 4
8 4
128 4
1807
1807 2
8 4
8 4
24 4
8 4
24 4
8 4
24 4
8 4
128 4
2840 4
8 4
20 2
4 4
8 4
24 4
8 4
24 4
8 4
128 4
280 4
8 4
24 4
8 4
24 4
8 4
24 4
8 4
128 4
280 4
8 4
24 4
8 4
24 4
8 4
24 4
8 4
128 4
1815
1815 2
8 4
24 4
8 4
24 4
8 4
24 4
8 4
128 4
2840 2
8 4
24 4
8 4
24 4
8 4
24 4
8 4
128 4
280 4
8 4
24 4
8 4
24 4
8 4
24 4
8 4
128 4
280 4
8 4
24 4
8 4
24 4
8 4
24 4
8 4
128 4
1823
1823 2
24 4
8 4
24 4
8 4
24 4
8 4
128 4
2848 4
24 2
8 4
24 4
8 4
24 4
8 4
128 4
280 4
8 4
24 4
8 4
24 4
8 4
24 4
8 4
128 4
280 4
8 4
24 4
8 4
24 4
8 4
24 4
8 4
128 4
1847
1847 2
8 4
24 4
8 4
24 4
8 4
128 4
2848 2
32 4
24 4
8 4
24 4
8 4
128 4
280 4
8 4
24 4
8 4
24 4
8 4
24 4
8 4
128 4
280 4
8 4
24 4
8 4
24 4
8 4
24 4
8 4
128 4
1855
1855 2
24 4
8 4
24 4
8 4
128 4
2880 2
24 4
8 4
24 4
8 4
128 4
280 4
8 4
24 4
8 4
24 4
8 4
24 4
8 4
128 4
280 4
8 4
24 4
8 4
24 4
8 4
24 4
8 4
128 4
1879
1879 2
8 4
24 4
8 4
128 4
2904 2
8 4
24 4
8 4
128 4
280 4
8 4
24 4
8 4
24 4
8 4
24 4
8 4
128 4
280 4
8 4
24 4
8 4
24 4
8 4
24 4
8 4
128 4
1887
1887 2
24 4
8 4
128 4
2912 4
24 2
8 4
128 4
280 4
8 4
24 4
8 4
24 4
8 4
24 4
8 4
128 4
280 4
8 4
24 4
8 4
24 4
8 4
24 4
8 4
128 4
1911
1911 2
8 4
128 4
2912 2
32 4
128 4
280 4
8 4
24 4
8 4
24 4
8 4
24 4
8 4
128 4
280 4
8 4
24 4
8 4
24 4
8 4
24 4
8 4
128 4
1919
1919 2
128 4
2944 2
128 4
280 4
8 4
24 4
8 4
24 4
8 4
24 4
8 4
128 4
280 4
8 4
24 4
8 4
24 4
8 4
24 4
8 4
128 4
2047
2047 2
3072 2
280 4
8 4
24 4
8 4
24 4
8 4
24 4
8 4
128 4
280 4
8 4
24 4
8 4
24 4
8 4
24 4
8 4
128 4
5399
5399 1
8 4
32 2
24 2
8 4
32 2
128 2
280 2
8 4
32 2
24 2
8 4
32 2
128 2
5407
5407 2
24 2
8 4
24 4
8 4
24 4
8 4
128 4
280 4
8 4
24 4
8 4
24 4
8 4
24 4
8 4
128 4
5439
5439 1
24 2
8 4
32 2
128 2
280 2
8 4
32 2
24 2
8 4
32 2
128 2
5463
5463 1
8 4
32 2
128 2
280 2
8 4
32 2
24 2
8 4
32 2
128 2
5471
5471 2
24 2
8 4
128 4
280 4
8 4
24 4
8 4
24 4
8 4
24 4
8 4
128 4
5503
5503 1
128 2
280 2
8 4
32 2
24 2
8 4
32 2
128 2
5631
5631 1
280 2
8 4
32 2
24 2
8 4
32 2
128 2
5911
5911 1
8 4
32 2
24 2
8 4
32 2
128 2
5919
5919 2
24 2
8 4
24 4
8 4
24 4
8 4
128 4
5951
5951 1
24 2
8 4
32 2
128 2
5975
5975 1
8 4
32 2
128 2
5983
5983 2
24 2
8 4
128 4
6015
6015 1
128 2
6143
6143 1
