7
7 2
8 4
8 4
8 4
24 4
8 4
24 4
8 4
24 4
8 4
128 4
8 4
8 4
8 4
8 4
24 4
8 4
24 4
8 4
24 4
8 4
128 4
264 4
8 4
8 4
8 4
24 4
8 4
24 4
8 4
24 4
8 4
128 4
264 4
8 4
8 4
8 4
24 4
8 4
24 4
8 4
24 4
8 4
128 4
264 4
8 4
8 4
8 4
24 4
8 4
24 4
8 4
24 4
8 4
128 4
2328 4
8 4
24 4
8 4
24 4
8 4
24 4
8 4
128 4
280 4
8 4
24 4
8 4
24 4
8 4
24 4
8 4
128 4
280 4
8 4
24 4
8 4
24 4
8 4
24 4
8 4
128 4
280 4
8 4
24 4
8 4
24 4
8 4
24 4
8 4
128 4
6968 4
8 4
56 4
8 4
128 4
824 4
8 4
56 4
8 4
128 2
15
15 2
8 4
8 4
24 4
8 4
24 4
8 4
24 4
8 4
128 4
8 4
8 4
8 4
8 4
24 4
8 4
24 4
8 4
24 4
8 4
128 4
264 4
8 4
8 4
8 4
24 4
8 4
24 4
8 4
24 4
8 4
128 4
264 4
8 4
8 4
8 4
24 4
8 4
24 4
8 4
24 4
8 4
128 4
264 4
8 4
8 4
8 4
24 4
8 4
24 4
8 4
24 4
8 4
128 4
2328 4
8 4
24 4
8 4
24 4
8 4
24 4
8 4
128 4
280 4
8 4
24 4
8 4
24 4
8 4
24 4
8 4
128 4
280 4
8 4
24 4
8 4
24 4
8 4
24 4
8 4
128 4
280 4
8 4
24 4
8 4
24 4
8 4
24 4
8 4
128 4
6968 4
8 4
56 4
8 4
128 2
824 4
8 4
56 4
8 4
23
23 2
8 4
24 4
8 4
24 4
8 4
24 4
8 4
128 4
8 4
8 4
8 4
8 4
24 4
8 4
24 4
8 4
24 4
8 4
128 4
264 4
8 4
8 4
8 4
24 4
8 4
24 4
8 4
24 4
8 4
128 4
264 4
8 4
8 4
8 4
24 4
8 4
24 4
8 4
24 4
8 4
128 4
264 4
8 4
8 4
8 4
24 4
8 4
24 4
8 4
24 4
8 4
128 4
2328 4
8 4
24 4
8 4
24 4
8 4
24 4
8 4
128 4
280 4
8 4
24 4
8 4
24 4
8 4
24 4
8 4
128 4
280 4
8 4
24 4
8 4
24 4
8 4
24 4
8 4
128 4
280 4
8 4
24 4
8 4
24 4
8 4
24 4
8 4
128 2
6968 4
8 4
56 4
8 4
952 4
8 4
56 4
8 4
31
31 2
24 4
8 4
24 4
8 4
24 4
8 4
128 4
8 4
8 4
8 4
8 4
24 4
8 4
24 4
8 4
24 4
8 4
128 4
264 4
8 4
8 4
8 4
24 4
8 4
24 4
8 4
24 4
8 4
128 4
264 4
8 4
8 4
8 4
24 4
8 4
24 4
8 4
24 4
8 4
128 4
264 4
8 4
8 4
8 4
24 4
8 4
24 4
8 4
24 4
8 4
128 4
2328 4
8 4
24 4
8 4
24 4
8 4
24 4
8 4
128 4
280 4
8 4
24 4
8 4
24 4
8 4
24 4
8 4
128 2
280 4
8 4
24 4
8 4
24 4
8 4
24 4
8 4
128 4
280 4
8 4
24 4
8 4
24 4
8 4
24 4
8 4
7096 4
8 4
56 4
8 4
952 4
8 4
56 4
8 4
55
55 2
8 4
24 4
8 4
24 4
8 4
128 4
8 4
8 4
8 4
8 4
24 4
8 4
24 4
8 4
24 4
8 4
128 4
264 4
8 4
8 4
8 4
24 4
8 4
24 4
8 4
24 4
8 4
128 4
264 4
8 4
8 4
8 4
24 4
8 4
24 4
8 4
24 4
8 4
128 4
264 4
8 4
8 4
8 4
24 4
8 4
24 4
8 4
24 4
8 4
128 2
2328 4
8 4
24 4
8 4
24 4
8 4
24 4
8 4
128 4
280 4
8 4
24 4
8 4
24 4
8 4
24 4
8 4
408 4
8 4
24 4
8 4
24 4
8 4
24 4
8 4
128 4
280 4
8 4
24 4
8 4
24 4
8 4
24 4
8 4
7096 4
8 4
56 4
8 4
952 4
8 4
56 4
8 4
63
63 2
24 4
8 4
24 4
8 4
128 4
8 4
8 4
8 4
8 4
24 4
8 4
24 4
8 4
24 4
8 4
128 4
264 4
8 4
8 4
8 4
24 4
8 4
24 4
8 4
24 4
8 4
128 2
264 4
8 4
8 4
8 4
24 4
8 4
24 4
8 4
24 4
8 4
128 4
264 4
8 4
8 4
8 4
24 4
8 4
24 4
8 4
24 4
8 4
2456 4
8 4
24 4
8 4
24 4
8 4
24 4
8 4
128 4
280 4
8 4
24 4
8 4
24 4
8 4
24 4
8 4
408 4
8 4
24 4
8 4
24 4
8 4
24 4
8 4
128 4
280 4
8 4
24 4
8 4
24 4
8 4
24 4
8 4
7096 4
8 4
56 4
8 4
952 4
8 4
56 4
8 4
87
87 2
8 4
24 4
8 4
128 4
8 4
8 4
8 4
8 4
24 4
8 4
24 4
8 4
24 4
8 4
128 4
264 4
8 4
8 4
8 4
24 4
8 4
24 4
8 4
24 4
8 4
392 4
8 4
8 4
8 4
24 4
8 4
24 4
8 4
24 4
8 4
128 4
264 4
8 4
8 4
8 4
24 4
8 4
24 4
8 4
24 4
8 4
2456 4
8 4
24 4
8 4
24 4
8 4
24 4
8 4
128 4
280 4
8 4
24 4
8 4
24 4
8 4
24 4
8 4
408 4
8 4
24 4
8 4
24 4
8 4
24 4
8 4
128 2
280 4
8 4
24 4
8 4
24 4
8 4
24 4
8 4
7096 4
8 4
56 4
8 4
952 4
8 4
56 4
8 4
95
95 2
24 4
8 4
128 4
8 4
8 4
8 4
8 4
24 4
8 4
24 4
8 4
24 4
8 4
128 4
264 4
8 4
8 4
8 4
24 4
8 4
24 4
8 4
24 4
8 4
392 4
8 4
8 4
8 4
24 4
8 4
24 4
8 4
24 4
8 4
128 4
264 4
8 4
8 4
8 4
24 4
8 4
24 4
8 4
24 4
8 4
2456 4
8 4
24 4
8 4
24 4
8 4
24 4
8 4
128 2
280 4
8 4
24 4
8 4
24 4
8 4
24 4
8 4
408 4
8 4
24 4
8 4
24 4
8 4
24 4
8 4
408 4
8 4
24 4
8 4
24 4
8 4
24 4
8 4
7096 4
8 4
56 4
8 4
952 4
8 4
56 4
8 4
119
119 2
8 4
128 4
8 4
8 4
8 4
8 4
24 4
8 4
24 4
8 4
24 4
8 4
128 4
264 4
8 4
8 4
8 4
24 4
8 4
24 4
8 4
24 4
8 4
392 4
8 4
8 4
8 4
24 4
8 4
24 4
8 4
24 4
8 4
128 2
264 4
8 4
8 4
8 4
24 4
8 4
24 4
8 4
24 4
8 4
2456 4
8 4
24 4
8 4
24 4
8 4
24 4
8 4
408 4
8 4
24 4
8 4
24 4
8 4
24 4
8 4
408 4
8 4
24 4
8 4
24 4
8 4
24 4
8 4
408 4
8 4
24 4
8 4
24 4
8 4
24 4
8 4
7096 4
8 4
56 4
8 4
952 4
8 4
56 4
8 4
127
127 2
128 4
8 4
8 4
8 4
8 4
24 4
8 4
24 4
8 4
24 4
8 4
128 2
264 4
8 4
8 4
8 4
24 4
8 4
24 4
8 4
24 4
8 4
392 4
8 4
8 4
8 4
24 4
8 4
24 4
8 4
24 4
8 4
392 4
8 4
8 4
8 4
24 4
8 4
24 4
8 4
24 4
8 4
2456 4
8 4
24 4
8 4
24 4
8 4
24 4
8 4
408 4
8 4
24 4
8 4
24 4
8 4
24 4
8 4
408 4
8 4
24 4
8 4
24 4
8 4
24 4
8 4
408 4
8 4
24 4
8 4
24 4
8 4
24 4
8 4
7096 4
8 4
56 4
8 4
952 4
8 4
56 4
8 4
255
255 1
8 4
8 4
8 4
8 4
24 4
8 4
24 4
8 4
24 4
8 2
392 4
8 4
8 4
8 4
24 4
8 2
24 4
8 4
24 4
400 4
8 4
8 4
8 4
24 4
32 4
8 4
24 2
400 4
8 4
8 4
8 4
24 2
32 4
8 4
2488 4
8 4
56 4
8 2
440 4
8 2
56 4
448 4
64 2
448 2
263
263 2
8 4
8 4
8 4
24 4
8 4
24 4
8 4
24 4
8 4
392 4
8 4
8 4
8 4
24 4
8 4
24 4
8 4
24 4
8 4
392 4
8 4
8 4
8 4
24 4
8 4
24 4
8 4
24 4
8 4
392 4
8 4
8 4
8 4
24 4
8 4
24 4
8 4
24 4
8 4
2456 4
8 4
24 4
8 4
24 4
8 4
24 4
8 4
408 4
8 4
24 4
8 4
24 4
8 4
24 4
8 4
408 4
8 4
24 4
8 4
24 4
8 4
24 4
8 4
408 4
8 4
24 4
8 4
24 4
8 4
24 4
8 4
7096 4
8 4
56 4
8 4
952 4
8 4
56 4
8 2
271
271 2
8 4
8 4
24 4
8 4
24 4
8 4
24 4
8 4
392 4
8 4
8 4
8 4
24 4
8 4
24 4
8 4
24 4
8 4
392 4
8 4
8 4
8 4
24 4
8 4
24 4
8 4
24 4
8 4
392 4
8 4
8 4
8 4
24 4
8 4
24 4
8 4
24 4
8 4
2456 4
8 4
24 4
8 4
24 4
8 4
24 4
8 4
408 4
8 4
24 4
8 4
24 4
8 4
24 4
8 4
408 4
8 4
24 4
8 4
24 4
8 4
24 4
8 4
408 4
8 4
24 4
8 4
24 4
8 4
24 4
8 4
7096 4
8 4
56 4
8 2
952 4
8 4
56 4
279
279 2
8 4
24 4
8 4
24 4
8 4
24 4
8 4
392 4
8 4
8 4
8 4
24 4
8 4
24 4
8 4
24 4
8 4
392 4
8 4
8 4
8 4
24 4
8 4
24 4
8 4
24 4
8 4
392 4
8 4
8 4
8 4
24 4
8 4
24 4
8 4
24 4
8 4
2456 4
8 4
24 4
8 4
24 4
8 4
24 4
8 4
408 4
8 4
24 4
8 4
24 4
8 4
24 4
8 4
408 4
8 4
24 4
8 4
24 4
8 4
24 4
8 4
408 4
8 4
24 4
8 4
24 4
8 4
24 4
8 2
7096 4
8 4
56 4
960 4
8 4
56 4
287
287 2
24 4
8 4
24 4
8 4
24 4
8 4
392 4
8 4
8 4
8 4
24 4
8 4
24 4
8 4
24 4
8 4
392 4
8 4
8 4
8 4
24 4
8 4
24 4
8 4
24 4
8 4
392 4
8 4
8 4
8 4
24 4
8 4
24 4
8 4
24 4
8 4
2456 4
8 4
24 4
8 4
24 4
8 4
24 4
8 4
408 4
8 4
24 4
8 4
24 4
8 4
24 4
8 2
408 4
8 4
24 4
8 4
24 4
8 4
24 4
8 4
408 4
8 4
24 4
8 4
24 4
8 4
24 4
7104 4
8 4
56 4
960 4
8 4
56 4
311
311 2
8 4
24 4
8 4
24 4
8 4
392 4
8 4
8 4
8 4
24 4
8 4
24 4
8 4
24 4
8 4
392 4
8 4
8 4
8 4
24 4
8 4
24 4
8 4
24 4
8 4
392 4
8 4
8 4
8 4
24 4
8 4
24 4
8 4
24 4
8 2
2456 4
8 4
24 4
8 4
24 4
8 4
24 4
8 4
408 4
8 4
24 4
8 4
24 4
8 4
24 4
416 4
8 4
24 4
8 4
24 4
8 4
24 4
8 4
408 4
8 4
24 4
8 4
24 4
8 4
24 4
7104 4
8 4
56 4
960 4
8 4
56 4
319
319 2
24 4
8 4
24 4
8 4
392 4
8 4
8 4
8 4
24 4
8 4
24 4
8 4
24 4
8 2
392 4
8 4
8 4
8 4
24 4
8 4
24 4
8 4
24 4
8 4
392 4
8 4
8 4
8 4
24 4
8 4
24 4
8 4
24 4
2464 4
8 4
24 4
8 4
24 4
8 4
24 4
8 4
408 4
8 4
24 4
8 4
24 4
8 4
24 4
416 4
8 4
24 4
8 4
24 4
8 4
24 4
8 4
408 4
8 4
24 4
8 4
24 4
8 4
24 4
7104 4
8 4
56 4
960 4
8 4
56 4
343
343 2
8 4
24 4
8 4
392 4
8 4
8 4
8 4
24 4
8 4
24 4
8 4
24 4
400 4
8 4
8 4
8 4
24 4
8 4
24 4
8 4
24 4
8 4
392 4
8 4
8 4
8 4
24 4
8 4
24 4
8 4
24 4
2464 4
8 4
24 4
8 4
24 4
8 4
24 4
8 4
408 4
8 4
24 4
8 4
24 4
8 4
24 4
416 4
8 4
24 4
8 4
24 4
8 4
24 4
8 2
408 4
8 4
24 4
8 4
24 4
8 4
24 4
7104 4
8 4
56 4
960 4
8 4
56 4
351
351 2
24 4
8 4
392 4
8 4
8 4
8 4
24 4
8 4
24 4
8 4
24 4
400 4
8 4
8 4
8 4
24 4
8 4
24 4
8 4
24 4
8 4
392 4
8 4
8 4
8 4
24 4
8 4
24 4
8 4
24 4
2464 4
8 4
24 4
8 4
24 4
8 4
24 4
8 2
408 4
8 4
24 4
8 4
24 4
8 4
24 4
416 4
8 4
24 4
8 4
24 4
8 4
24 4
416 4
8 4
24 4
8 4
24 4
8 4
24 4
7104 4
8 4
56 4
960 4
8 4
56 4
375
375 2
8 4
392 4
8 4
8 4
8 4
24 4
8 4
24 4
8 4
24 4
400 4
8 4
8 4
8 4
24 4
8 4
24 4
8 4
24 4
8 2
392 4
8 4
8 4
8 4
24 4
8 4
24 4
8 4
24 4
2464 4
8 4
24 4
8 4
24 4
8 4
24 4
416 4
8 4
24 4
8 4
24 4
8 4
24 4
416 4
8 4
24 4
8 4
24 4
8 4
24 4
416 4
8 4
24 4
8 4
24 4
8 4
24 4
7104 4
8 4
56 4
960 4
8 4
56 4
383
383 1
392 4
8 4
8 4
8 4
24 4
8 2
24 4
8 4
24 4
400 4
8 4
8 4
8 4
24 4
32 4
8 4
24 2
400 4
8 4
8 4
8 4
24 2
32 4
8 4
2488 4
8 4
56 4
8 2
440 4
8 2
56 4
448 4
64 2
448 2
775
775 2
8 4
8 4
8 4
24 4
8 4
24 4
8 4
24 4
400 4
8 4
8 4
8 4
24 4
8 4
24 4
8 4
24 4
400 4
8 4
8 4
8 4
24 4
8 4
24 4
8 4
24 4
2464 4
8 4
24 4
8 4
24 4
8 4
24 4
416 4
8 4
24 4
8 4
24 4
8 4
24 4
416 4
8 4
24 4
8 4
24 4
8 4
24 4
416 4
8 4
24 4
8 4
24 4
8 4
24 4
7104 4
8 4
56 4
960 4
8 2
56 4
783
783 2
8 4
8 4
24 4
8 4
24 4
8 4
24 4
400 4
8 4
8 4
8 4
24 4
8 4
24 4
8 4
24 4
400 4
8 4
8 4
8 4
24 4
8 4
24 4
8 4
24 4
2464 4
8 4
24 4
8 4
24 4
8 4
24 4
416 4
8 4
24 4
8 4
24 4
8 4
24 4
416 4
8 4
24 4
8 4
24 4
8 4
24 4
416 4
8 4
24 4
8 4
24 4
8 4
24 4
7104 4
8 2
56 4
960 4
64 4
791
791 2
8 4
24 4
8 4
24 4
8 4
24 4
400 4
8 4
8 4
8 4
24 4
8 4
24 4
8 4
24 4
400 4
8 4
8 4
8 4
24 4
8 4
24 4
8 4
24 4
2464 4
8 4
24 4
8 4
24 4
8 4
24 4
416 4
8 4
24 4
8 4
24 4
8 4
24 4
416 4
8 4
24 4
8 4
24 4
8 4
24 4
416 4
8 4
24 4
8 2
24 4
8 4
24 4
7104 4
64 4
960 4
64 4
799
799 2
24 4
8 4
24 4
8 4
24 4
400 4
8 4
8 4
8 4
24 4
8 4
24 4
8 4
24 4
400 4
8 4
8 4
8 4
24 4
8 4
24 4
8 4
24 4
2464 4
8 4
24 4
8 4
24 4
8 4
24 4
416 4
8 4
24 4
8 2
24 4
8 4
24 4
416 4
8 4
24 4
8 4
24 4
8 4
24 4
416 4
8 4
24 4
32 4
8 4
24 4
7104 4
64 4
960 4
64 4
823
823 2
8 4
24 4
8 4
24 4
400 4
8 4
8 4
8 4
24 4
8 4
24 4
8 4
24 4
400 4
8 4
8 4
8 4
24 4
8 2
24 4
8 4
24 4
2464 4
8 4
24 4
8 4
24 4
8 4
24 4
416 4
8 4
24 4
32 4
8 4
24 4
416 4
8 4
24 4
8 4
24 4
8 4
24 4
416 4
8 4
24 4
32 4
8 4
24 4
7104 4
64 4
960 4
64 4
831
831 1
24 4
8 4
24 4
400 4
8 4
8 4
8 4
24 4
32 4
8 4
24 2
400 4
8 4
8 4
8 4
24 2
32 4
8 4
2488 4
8 4
56 4
8 2
440 4
8 2
56 4
448 4
64 2
448 2
855
855 2
8 4
24 4
400 4
8 4
8 4
8 4
24 4
8 4
24 4
8 4
24 4
400 4
8 4
8 4
8 4
24 4
32 4
8 4
24 4
2464 4
8 4
24 4
8 4
24 4
8 4
24 4
416 4
8 4
24 4
32 4
8 4
24 4
416 4
8 4
24 4
8 2
24 4
8 4
24 4
416 4
8 4
24 4
32 4
8 4
24 4
7104 4
64 4
960 4
64 4
863
863 2
24 4
400 4
8 4
8 4
8 4
24 4
8 4
24 4
8 4
24 4
400 4
8 4
8 4
8 4
24 4
32 4
8 4
24 4
2464 4
8 4
24 4
8 2
24 4
8 4
24 4
416 4
8 4
24 4
32 4
8 4
24 4
416 4
8 4
24 4
32 4
8 4
24 4
416 4
8 4
24 4
32 4
8 4
24 4
7104 4
64 4
960 4
64 4
887
887 2
400 4
8 4
8 4
8 4
24 4
8 2
24 4
8 4
24 4
400 4
8 4
8 4
8 4
24 4
32 4
8 4
24 4
2464 4
8 4
24 4
32 4
8 4
24 4
416 4
8 4
24 4
32 4
8 4
24 4
416 4
8 4
24 4
32 4
8 4
24 4
416 4
8 4
24 4
32 4
8 4
24 4
7104 4
64 4
960 4
64 4
1287
1287 2
8 4
8 4
8 4
24 4
32 4
8 4
24 4
400 4
8 4
8 4
8 4
24 4
32 4
8 4
24 4
2464 4
8 4
24 4
32 4
8 4
24 4
416 4
8 4
24 4
32 4
8 4
24 4
416 4
8 4
24 4
32 4
8 4
24 4
416 4
8 4
24 4
32 4
8 4
24 4
7104 4
64 4
960 4
64 2
1295
1295 2
8 4
8 4
24 4
32 4
8 4
24 4
400 4
8 4
8 4
8 4
24 4
32 4
8 4
24 4
2464 4
8 4
24 4
32 4
8 4
24 4
416 4
8 4
24 4
32 4
8 4
24 4
416 4
8 4
24 4
32 4
8 4
24 4
416 4
8 4
24 4
32 4
8 4
24 4
7104 4
64 2
960 4
1303
1303 2
8 4
24 4
32 4
8 4
24 4
400 4
8 4
8 4
8 4
24 4
32 4
8 4
24 4
2464 4
8 4
24 4
32 4
8 4
24 4
416 4
8 4
24 4
32 4
8 4
24 4
416 4
8 4
24 4
32 4
8 4
24 4
416 4
8 4
24 4
32 4
8 4
24 2
7104 4
1024 4
1311
1311 2
24 4
32 4
8 4
24 4
400 4
8 4
8 4
8 4
24 4
32 4
8 4
24 4
2464 4
8 4
24 4
32 4
8 4
24 4
416 4
8 4
24 4
32 4
8 4
24 2
416 4
8 4
24 4
32 4
8 4
24 4
416 4
8 4
24 4
32 4
8 4
7128 4
1024 4
1335
1335 2
32 4
8 4
24 4
400 4
8 4
8 4
8 4
24 4
32 4
8 4
24 2
2464 4
8 4
24 4
32 4
8 4
24 4
416 4
8 4
24 4
32 4
8 4
440 4
8 4
24 4
32 4
8 4
24 4
416 4
8 4
24 4
32 4
8 4
7128 4
1024 4
1367
1367 2
8 4
24 4
400 4
8 4
8 4
8 4
24 4
32 4
8 4
2488 4
8 4
24 4
32 4
8 4
24 4
416 4
8 4
24 4
32 4
8 4
440 4
8 4
24 4
32 4
8 4
24 2
416 4
8 4
24 4
32 4
8 4
7128 4
1024 4
1375
1375 2
24 4
400 4
8 4
8 4
8 4
24 4
32 4
8 4
2488 4
8 4
24 4
32 4
8 4
24 2
416 4
8 4
24 4
32 4
8 4
440 4
8 4
24 4
32 4
8 4
440 4
8 4
24 4
32 4
8 4
7128 4
1024 4
1399
1399 1
400 4
8 4
8 4
8 4
24 2
32 4
8 4
2488 4
8 4
56 4
8 2
440 4
8 2
56 4
448 4
64 2
448 2
1799
1799 2
8 4
8 4
8 4
24 4
32 4
8 4
2488 4
8 4
24 4
32 4
8 4
440 4
8 4
24 4
32 4
8 4
440 4
8 4
24 4
32 4
8 4
440 4
8 4
24 4
32 4
8 4
7128 4
1024 2
1807
1807 2
8 4
8 4
24 4
32 4
8 4
2488 4
8 4
24 4
32 4
8 4
440 4
8 4
24 4
32 4
8 4
440 4
8 4
24 4
32 4
8 4
440 4
8 4
24 4
32 4
8 4
7128 2
1815
1815 2
8 4
24 4
32 4
8 4
2488 4
8 4
24 4
32 4
8 4
440 4
8 4
24 4
32 4
8 4
440 4
8 4
24 4
32 4
8 4
440 4
8 4
24 2
32 4
8 4
1823
1823 2
24 4
32 4
8 4
2488 4
8 4
24 4
32 4
8 4
440 4
8 4
24 2
32 4
8 4
440 4
8 4
24 4
32 4
8 4
440 4
8 4
56 4
8 4
1847
1847 1
32 4
8 4
2488 4
8 4
56 4
8 2
440 4
8 2
56 4
448 4
64 2
448 2
1879
1879 2
8 4
2488 4
8 4
24 4
32 4
8 4
440 4
8 4
56 4
8 4
440 4
8 4
24 2
32 4
8 4
440 4
8 4
56 4
8 4
1887
1887 2
2488 4
8 4
24 2
32 4
8 4
440 4
8 4
56 4
8 4
440 4
8 4
56 4
8 4
440 4
8 4
56 4
8 4
4375
4375 2
8 4
56 4
8 4
440 4
8 4
56 4
8 4
440 4
8 4
56 4
8 4
440 4
8 4
56 4
8 2
4383
4383 2
56 4
8 4
440 4
8 4
56 4
8 2
440 4
8 4
56 4
8 4
440 4
8 4
56 4
4439
4439 2
8 4
440 4
8 4
56 4
448 4
8 4
56 4
8 2
440 4
8 4
56 4
4447
4447 1
440 4
8 2
56 4
448 4
64 2
448 2
4887
4887 2
8 4
56 4
448 4
8 4
56 4
448 4
8 2
56 4
4895
4895 1
56 4
448 4
64 2
448 2
4951
4951 2
448 4
8 2
56 4
448 4
64 4
5399
5399 2
64 4
448 4
64 2
5463
5463 1
448 2
5911
5911 1
