3
3 1
4 2
8 2
4 4
4 4
8 4
20 4
4 4
8 4
24 4
8 4
24 4
8 4
148 2
4 2
8 2
20 4
4 4
8 4
24 4
8 4
24 4
8 4
436 2
4 2
8 2
24 4
8 4
24 4
8 4
472 2
8 2
24 4
8 4
504 2
8 2
7
7 1
8 2
4 4
4 4
8 4
20 4
4 4
8 4
24 4
8 4
24 4
8 4
148 2
4 2
8 2
20 4
4 4
8 4
24 4
8 4
24 4
8 4
436 2
4 2
8 2
24 4
8 4
24 4
8 4
472 2
8 2
24 4
8 4
504 2
8 2
15
15 1
4 4
4 4
8 4
20 4
4 4
8 4
24 4
8 4
24 4
8 4
148 2
4 2
8 2
20 4
4 4
8 4
24 4
8 4
24 4
8 4
436 2
4 2
8 2
24 4
8 4
24 4
8 4
472 2
8 2
24 4
8 4
504 2
8 2
19
19 2
4 4
8 4
20 4
4 4
8 4
24 4
8 4
24 4
8 4
132 2
4 4
8 4
4 4
4 4
8 4
20 4
4 4
8 4
24 4
8 4
24 4
8 4
388 4
4 4
8 4
4 4
4 4
8 4
20 4
4 4
8 4
24 4
8 4
24 4
8 4
392 4
8 4
8 4
8 4
24 4
8 4
24 4
8 4
24 4
8 4
392 4
8 4
8 4
8 4
24 4
8 4
24 4
8 4
24 4
8 4
23
23 2
8 4
20 4
4 4
8 4
24 4
8 4
24 4
8 4
136 2
8 4
4 4
4 4
8 4
20 4
4 4
8 4
24 4
8 4
24 4
8 4
388 4
4 4
8 4
4 4
4 4
8 4
20 4
4 4
8 4
24 4
8 4
24 4
8 4
392 4
8 4
8 4
8 4
24 4
8 4
24 4
8 4
24 4
8 4
392 4
8 4
8 4
8 4
24 4
8 4
24 4
8 4
24 4
8 4
31
31 2
20 4
4 4
8 4
24 4
8 4
24 4
8 4
144 2
4 4
4 4
8 4
20 4
4 4
8 4
24 4
8 4
24 4
8 4
388 4
4 4
8 4
4 4
4 4
8 4
20 4
4 4
8 4
24 4
8 4
24 4
8 4
392 4
8 4
8 4
8 4
24 4
8 4
24 4
8 4
24 4
8 4
392 4
8 4
8 4
8 4
24 4
8 4
24 4
8 4
24 4
8 4
51
51 2
4 4
8 4
24 4
8 4
24 4
8 4
148 4
4 4
8 4
20 4
4 4
8 4
24 4
8 4
24 4
8 4
388 2
4 4
8 4
4 4
4 4
8 4
20 4
4 4
8 4
24 4
8 4
24 4
8 4
392 4
8 4
8 4
8 4
24 4
8 4
24 4
8 4
24 4
8 4
392 4
8 4
8 4
8 4
24 4
8 4
24 4
8 4
24 4
8 4
55
55 2
8 4
24 4
8 4
24 4
8 4
148 4
4 4
8 4
20 4
4 4
8 4
24 4
8 4
24 4
8 4
392 2
8 4
4 4
4 4
8 4
20 4
4 4
8 4
24 4
8 4
24 4
8 4
392 4
8 4
8 4
8 4
24 4
8 4
24 4
8 4
24 4
8 4
392 4
8 4
8 4
8 4
24 4
8 4
24 4
8 4
24 4
8 4
63
63 2
24 4
8 4
24 4
8 4
148 4
4 4
8 4
20 4
4 4
8 4
24 4
8 4
24 4
8 4
400 2
4 4
4 4
8 4
20 4
4 4
8 4
24 4
8 4
24 4
8 4
392 4
8 4
8 4
8 4
24 4
8 4
24 4
8 4
24 4
8 4
392 4
8 4
8 4
8 4
24 4
8 4
24 4
8 4
24 4
8 4
87
87 2
8 4
24 4
8 4
148 4
4 4
8 4
20 4
4 4
8 4
24 4
8 4
24 4
8 4
404 4
4 4
8 4
20 4
4 4
8 4
24 4
8 4
24 4
8 4
392 2
8 4
8 4
8 4
24 4
8 4
24 4
8 4
24 4
8 4
392 4
8 4
8 4
8 4
24 4
8 4
24 4
8 4
24 4
8 4
95
95 2
24 4
8 4
148 4
4 4
8 4
20 4
4 4
8 4
24 4
8 4
24 4
8 4
404 4
4 4
8 4
20 4
4 4
8 4
24 4
8 4
24 4
8 4
400 2
8 4
8 4
24 4
8 4
24 4
8 4
24 4
8 4
392 4
8 4
8 4
8 4
24 4
8 4
24 4
8 4
24 4
8 4
119
119 2
8 4
148 4
4 4
8 4
20 4
4 4
8 4
24 4
8 4
24 4
8 4
404 4
4 4
8 4
20 4
4 4
8 4
24 4
8 4
24 4
8 4
408 4
8 4
24 4
8 4
24 4
8 4
24 4
8 4
392 2
8 4
8 4
8 4
24 4
8 4
24 4
8 4
24 4
8 4
127
127 2
148 4
4 4
8 4
20 4
4 4
8 4
24 4
8 4
24 4
8 4
404 4
4 4
8 4
20 4
4 4
8 4
24 4
8 4
24 4
8 4
408 4
8 4
24 4
8 4
24 4
8 4
24 4
8 4
400 2
8 4
8 4
24 4
8 4
24 4
8 4
24 4
8 4
275
275 1
4 2
8 2
20 4
4 4
8 4
24 4
8 4
24 4
8 4
436 2
4 2
8 2
24 4
8 4
24 4
8 4
472 2
8 2
24 4
8 4
504 2
8 2
279
279 1
8 2
20 4
4 4
8 4
24 4
8 4
24 4
8 4
436 2
4 2
8 2
24 4
8 4
24 4
8 4
472 2
8 2
24 4
8 4
504 2
8 2
287
287 1
20 4
4 4
8 4
24 4
8 4
24 4
8 4
436 2
4 2
8 2
24 4
8 4
24 4
8 4
472 2
8 2
24 4
8 4
504 2
8 2
307
307 2
4 4
8 4
24 4
8 4
24 4
8 4
404 2
4 4
8 4
20 4
4 4
8 4
24 4
8 4
24 4
8 4
408 4
8 4
24 4
8 4
24 4
8 4
24 4
8 4
408 4
8 4
24 4
8 4
24 4
8 4
24 4
8 4
311
311 2
8 4
24 4
8 4
24 4
8 4
408 2
8 4
20 4
4 4
8 4
24 4
8 4
24 4
8 4
408 4
8 4
24 4
8 4
24 4
8 4
24 4
8 4
408 4
8 4
24 4
8 4
24 4
8 4
24 4
8 4
319
319 2
24 4
8 4
24 4
8 4
416 2
20 4
4 4
8 4
24 4
8 4
24 4
8 4
408 4
8 4
24 4
8 4
24 4
8 4
24 4
8 4
408 4
8 4
24 4
8 4
24 4
8 4
24 4
8 4
343
343 2
8 4
24 4
8 4
436 4
4 4
8 4
24 4
8 4
24 4
8 4
408 2
8 4
24 4
8 4
24 4
8 4
24 4
8 4
408 4
8 4
24 4
8 4
24 4
8 4
24 4
8 4
351
351 2
24 4
8 4
436 4
4 4
8 4
24 4
8 4
24 4
8 4
416 2
24 4
8 4
24 4
8 4
24 4
8 4
408 4
8 4
24 4
8 4
24 4
8 4
24 4
8 4
375
375 2
8 4
436 4
4 4
8 4
24 4
8 4
24 4
8 4
440 4
8 4
24 4
8 4
24 4
8 4
408 2
8 4
24 4
8 4
24 4
8 4
24 4
8 4
383
383 2
436 4
4 4
8 4
24 4
8 4
24 4
8 4
440 4
8 4
24 4
8 4
24 4
8 4
416 2
24 4
8 4
24 4
8 4
24 4
8 4
819
819 1
4 2
8 2
24 4
8 4
24 4
8 4
472 2
8 2
24 4
8 4
504 2
8 2
823
823 1
8 2
24 4
8 4
24 4
8 4
472 2
8 2
24 4
8 4
504 2
8 2
831
831 1
24 4
8 4
24 4
8 4
472 2
8 2
24 4
8 4
504 2
8 2
855
855 2
8 4
24 4
8 4
440 2
8 4
24 4
8 4
24 4
8 4
440 4
8 4
24 4
8 4
24 4
8 4
863
863 2
24 4
8 4
448 2
24 4
8 4
24 4
8 4
440 4
8 4
24 4
8 4
24 4
8 4
887
887 2
8 4
472 4
8 4
24 4
8 4
440 2
8 4
24 4
8 4
24 4
8 4
895
895 2
472 4
8 4
24 4
8 4
448 2
24 4
8 4
24 4
8 4
1367
1367 1
8 2
24 4
8 4
504 2
8 2
1375
1375 1
24 4
8 4
504 2
8 2
1399
1399 2
8 4
472 2
8 4
24 4
8 4
1407
1407 2
480 2
24 4
8 4
1911
1911 1
8 2
1919
1919 1
