0
0 1
1 2
2 8
4 12
8 12
8 8
8 24
32 24
64 8
128 8
24 2
8 12
32 24
64 8
128 8
320 8
24 6
8 24
32 24
128 24
888 6
8 12
128 24
2048 12
1920 2
128 8
2048 12
8192 8
16384 2
1
1 1
2 8
4 12
8 12
8 8
8 24
32 24
64 8
128 8
24 2
8 12
32 24
64 8
128 8
320 8
24 6
8 24
32 24
128 24
888 6
8 12
128 24
2048 12
1920 2
128 8
2048 12
8192 8
16384 2
3
3 4
2 12
2 24
8 24
6 24
2 24
8 48
32 24
22 24
2 24
8 48
32 24
128 24
22 8
2 8
8 24
32 24
22 24
2 24
8 48
32 24
128 24
320 8
24 24
8 48
32 24
128 24
342 24
2 24
8 24
24 48
8 48
128 48
376 24
8 24
128 48
2048 24
1366 8
2 8
8 24
32 24
128 24
384 8
128 24
2048 24
8192 8
5462 8
2 8
8 24
32 24
128 24
384 8
128 24
2048 24
8192 8
7
7 6
8 12
4 24
4 24
8 24
20 48
4 48
8 48
56 24
8 24
128 24
18 6
2 24
4 12
8 12
20 48
4 48
8 48
56 24
8 24
128 24
308 24
4 24
8 24
24 24
8 24
24 48
8 48
128 48
888 12
8 12
128 24
2048 12
274 12
2 24
4 12
8 12
20 48
4 48
8 48
56 24
8 24
128 24
308 24
4 24
8 24
24 24
8 24
24 48
8 48
128 48
888 12
8 12
128 24
2048 12
4916 24
4 24
8 24
56 48
8 48
128 48
888 24
8 24
128 48
2048 24
14200 12
8 12
128 24
2048 12
15
15 6
8 24
8 24
20 24
4 48
8 48
56 24
8 24
128 24
20 24
4 12
8 12
20 48
4 48
8 48
56 24
8 24
128 24
308 24
4 24
8 24
24 24
8 24
24 48
8 48
128 48
888 12
8 12
128 24
2048 12
274 6
2 24
4 12
8 12
20 48
4 48
8 48
56 24
8 24
128 24
308 24
4 24
8 24
24 24
8 24
24 48
8 48
128 48
888 12
8 12
128 24
2048 12
4916 24
4 24
8 24
56 48
8 48
128 48
888 24
8 24
128 48
2048 24
14200 12
8 12
128 24
2048 12
23
23 4
8 24
32 24
64 8
128 8
8 12
8 24
8 8
8 24
32 24
64 8
128 8
264 48
8 48
8 24
8 48
32 24
24 24
8 48
32 24
128 24
776 24
8 24
8 24
8 24
24 48
8 48
56 24
8 24
128 24
1808 24
16 24
32 48
64 24
128 24
1816 8
8 24
32 24
64 8
128 8
1824 24
32 48
64 24
128 24
8000 24
64 24
128 24
16256 8
128 8
31
31 12
24 24
8 48
56 24
8 24
128 24
16 12
8 24
8 24
20 48
4 48
8 48
56 24
8 24
128 24
272 48
4 24
4 48
8 48
20 48
4 48
8 48
24 48
8 48
24 48
8 48
128 48
776 24
8 24
8 24
8 24
24 48
8 48
56 24
8 24
128 24
1808 24
16 24
32 48
64 24
128 24
276 24
4 24
8 24
20 48
4 48
8 48
56 24
8 24
128 24
276 48
4 48
8 48
20 48
4 48
8 48
24 48
8 48
24 48
8 48
128 48
792 24
8 24
24 48
8 48
56 24
8 24
128 24
1824 24
32 48
64 24
128 24
4916 48
4 48
8 48
56 48
8 48
128 48
824 48
8 48
56 48
8 48
128 48
1856 48
64 48
128 48
14200 24
8 24
128 24
1920 24
128 24
63
63 12
32 24
32 24
128 24
24 24
8 48
32 24
24 24
8 48
32 24
128 24
272 24
8 24
8 48
32 24
24 24
8 48
32 24
128 24
272 24
8 48
8 48
24 48
8 48
22 48
2 48
8 48
24 48
8 48
128 48
272 48
8 48
8 48
24 48
8 48
24 48
8 48
24 48
8 48
128 48
1808 48
16 48
32 48
32 48
32 48
128 48
1302 12
2 24
8 48
32 24
22 24
2 24
8 48
32 24
128 24
280 24
8 48
32 24
24 24
8 48
32 24
128 24
1824 48
32 48
32 48
32 48
128 48
8000 24
64 24
128 24
5462 24
2 24
8 48
32 24
128 24
344 24
8 48
32 24
128 24
1888 48
32 48
128 48
8064 24
128 24
127
127 4
128 8
24 8
8 24
32 24
64 8
128 8
280 24
8 48
32 24
24 24
8 48
32 24
128 24
784 12
8 24
8 24
24 48
8 48
56 24
8 24
128 24
1808 24
16 24
32 48
64 24
128 24
1816 8
8 24
32 24
64 8
128 8
1824 24
32 48
64 24
128 24
8000 24
64 24
128 24
16256 8
128 8
255
255 4
24 8
8 24
32 24
64 8
128 8
280 24
8 48
32 24
24 24
8 48
32 24
128 24
792 24
8 24
24 48
8 48
56 24
8 24
128 24
1808 12
16 24
32 48
64 24
128 24
1816 8
8 24
32 24
64 8
128 8
1824 24
32 48
64 24
128 24
8000 24
64 24
128 24
16256 8
128 8
279
279 1
8 12
32 24
64 8
128 8
320 8
24 6
8 24
32 24
128 24
888 6
8 12
128 24
2048 12
1920 2
128 8
2048 12
8192 8
16384 2
287
287 6
24 24
8 48
56 24
8 24
128 24
312 24
8 24
24 24
8 24
24 48
8 48
128 48
888 12
8 12
128 24
2048 12
280 6
8 12
24 48
8 48
56 24
8 24
128 24
312 24
8 24
24 24
8 24
24 48
8 48
128 48
888 12
8 12
128 24
2048 12
4920 24
8 24
56 48
8 48
128 48
888 24
8 24
128 48
2048 24
14200 12
8 12
128 24
2048 12
319
319 12
32 24
32 24
128 24
288 24
32 24
24 24
8 48
32 24
128 24
288 24
24 48
8 48
24 48
8 48
24 48
8 48
128 48
288 48
24 48
8 48
24 48
8 48
24 48
8 48
128 48
1824 48
32 48
32 48
32 48
128 48
1304 12
8 48
32 24
24 24
8 48
32 24
128 24
280 24
8 48
32 24
24 24
8 48
32 24
128 24
1824 48
32 48
32 48
32 48
128 48
8000 24
64 24
128 24
5464 24
8 48
32 24
128 24
344 24
8 48
32 24
128 24
1888 48
32 48
128 48
8064 24
128 24
383
383 4
128 8
320 24
24 24
8 48
32 24
128 24
800 12
24 48
8 48
56 24
8 24
128 24
1824 24
32 48
64 24
128 24
1816 8
8 24
32 24
64 8
128 8
1824 24
32 48
64 24
128 24
8000 24
64 24
128 24
16256 8
128 8
511
511 4
320 24
24 24
8 48
32 24
128 24
824 48
8 48
56 24
8 24
128 24
1824 12
32 48
64 24
128 24
1816 8
8 24
32 24
64 8
128 8
1824 24
32 48
64 24
128 24
8000 24
64 24
128 24
16256 8
128 8
831
831 4
24 24
8 48
32 24
128 24
352 12
24 48
8 48
128 48
376 24
8 24
128 48
2048 24
1376 24
32 24
128 24
384 8
128 24
2048 24
8192 8
5472 24
32 24
128 24
384 8
128 24
2048 24
8192 8
855
855 3
8 24
32 24
128 24
312 6
8 24
56 24
8 48
128 48
376 12
8 24
128 48
2048 24
1344 6
64 12
128 24
384 6
128 24
2048 24
8000 12
64 12
128 24
16384 6
863
863 12
24 24
8 48
128 48
320 12
56 48
8 48
128 48
376 24
8 24
128 48
2048 24
352 24
32 48
128 48
320 48
24 12
8 24
24 48
8 48
128 48
312 12
8 24
56 48
8 48
128 48
376 24
8 24
128 48
2048 24
4928 48
56 48
8 48
128 48
824 48
8 48
56 48
8 48
128 48
1856 48
64 48
128 48
14200 24
8 24
128 48
2048 24
895
895 12
128 24
384 24
128 48
320 24
32 24
24 48
8 48
128 48
1856 48
32 48
32 48
128 48
1344 24
32 48
32 24
128 24
320 24
24 12
8 48
32 24
128 24
1824 48
32 48
32 48
32 48
128 48
8000 24
64 24
128 24
5472 48
32 24
128 24
344 24
8 48
32 24
128 24
1888 48
32 48
128 48
8064 24
128 24
1023
1023 12
512 24
376 48
8 48
128 48
1856 24
32 24
32 48
128 48
1344 24
64 24
128 24
320 24
32 48
32 24
128 24
1824 48
32 48
32 48
32 48
128 48
8000 24
64 24
128 24
5504 24
128 24
344 12
8 48
32 24
128 24
1888 48
32 48
128 48
8064 24
128 24
1911
1911 3
8 12
128 24
2048 12
864 6
32 24
128 48
896 6
128 24
2048 12
5120 24
1024 24
2048 24
16384 6
1919
1919 6
128 24
2048 12
896 24
128 48
888 6
8 12
128 24
2048 12
4992 48
128 48
888 24
8 24
128 48
2048 24
14200 12
8 12
128 24
2048 12
2047
2047 12
1920 12
128 24
1024 24
896 24
128 24
1856 48
64 24
128 24
5120 48
832 24
56 24
8 48
128 48
1856 48
64 48
128 48
14200 24
8 24
128 24
1920 24
128 24
4095
4095 6
1920 12
128 24
2048 12
5120 24
896 24
128 48
2048 24
14200 6
8 12
128 24
2048 12
6015
6015 1
128 8
2048 12
8192 8
16384 2
6143
6143 4
1920 12
128 24
8064 24
128 24
16256 8
128 8
8191
8191 6
6144 24
2048 24
14208 6
128 24
2048 12
16383
16383 4
8192 12
8192 8
32767
32767 1
