23
23 1
8 6
32 6
64 2
128 2
24 2
8 6
32 6
64 2
128 2
280 4
8 12
32 12
64 4
128 4
792 2
8 6
32 6
64 2
128 2
31
31 3
24 6
8 12
56 6
8 6
128 6
24 6
8 6
24 12
8 12
56 6
8 6
128 6
280 12
8 12
24 24
8 24
56 12
8 12
128 12
792 6
8 6
24 12
8 12
56 6
8 6
128 6
63
63 3
32 6
32 6
128 6
24 6
8 12
32 6
24 6
8 12
32 6
128 6
280 12
8 24
32 12
24 12
8 24
32 12
128 12
792 6
8 12
32 6
24 6
8 12
32 6
128 6
127
127 1
128 2
24 2
8 6
32 6
64 2
128 2
280 4
8 12
32 12
64 4
128 4
792 2
8 6
32 6
64 2
128 2
255
255 1
24 2
8 6
32 6
64 2
128 2
280 4
8 12
32 12
64 4
128 4
792 2
8 6
32 6
64 2
128 2
279
279 1
8 6
32 6
64 2
128 2
280 4
8 12
32 12
64 4
128 4
792 2
8 6
32 6
64 2
128 2
287
287 3
24 6
8 12
56 6
8 6
128 6
280 12
8 12
24 24
8 24
56 12
8 12
128 12
792 6
8 6
24 12
8 12
56 6
8 6
128 6
319
319 3
32 6
32 6
128 6
280 12
8 24
32 12
24 12
8 24
32 12
128 12
792 6
8 12
32 6
24 6
8 12
32 6
128 6
383
383 1
128 2
280 4
8 12
32 12
64 4
128 4
792 2
8 6
32 6
64 2
128 2
511
511 1
280 4
8 12
32 12
64 4
128 4
792 2
8 6
32 6
64 2
128 2
791
791 2
8 12
32 12
64 4
128 4
280 2
8 12
32 12
64 4
128 4
280 4
8 12
32 12
64 4
128 4
799
799 6
24 12
8 24
56 12
8 12
128 12
288 6
24 12
8 24
56 12
8 12
128 12
280 12
8 12
24 24
8 24
56 12
8 12
128 12
831
831 6
32 12
32 12
128 12
320 6
32 12
32 12
128 12
280 12
8 24
32 12
24 12
8 24
32 12
128 12
895
895 2
128 4
384 2
128 4
280 4
8 12
32 12
64 4
128 4
1023
1023 2
512 2
280 4
8 12
32 12
64 4
128 4
1815
1815 1
8 6
32 6
64 2
128 2
1823
1823 3
24 6
8 12
56 6
8 6
128 6
1855
1855 3
32 6
32 6
128 6
1919
1919 1
128 2
2047
2047 1
