23
23 1
8 6
32 6
64 2
152 2
8 6
32 6
64 2
408 4
8 12
32 12
64 4
920 2
8 6
32 6
64 2
31
31 3
24 6
8 12
56 6
8 6
152 6
8 6
24 12
8 12
56 6
8 6
408 12
8 12
24 24
8 24
56 12
8 12
920 6
8 6
24 12
8 12
56 6
8 6
63
63 3
32 6
32 6
152 6
8 12
32 6
24 6
8 12
32 6
408 12
8 24
32 12
24 12
8 24
32 12
920 6
8 12
32 6
24 6
8 12
32 6
127
127 1
152 2
8 6
32 6
64 2
408 4
8 12
32 12
64 4
920 2
8 6
32 6
64 2
279
279 1
8 6
32 6
64 2
408 4
8 12
32 12
64 4
920 2
8 6
32 6
64 2
287
287 3
24 6
8 12
56 6
8 6
408 12
8 12
24 24
8 24
56 12
8 12
920 6
8 6
24 12
8 12
56 6
8 6
319
319 3
32 6
32 6
408 12
8 24
32 12
24 12
8 24
32 12
920 6
8 12
32 6
24 6
8 12
32 6
383
383 1
408 4
8 12
32 12
64 4
920 2
8 6
32 6
64 2
791
791 2
8 12
32 12
64 4
408 2
8 12
32 12
64 4
408 4
8 12
32 12
64 4
799
799 6
24 12
8 24
56 12
8 12
416 6
24 12
8 24
56 12
8 12
408 12
8 12
24 24
8 24
56 12
8 12
831
831 6
32 12
32 12
448 6
32 12
32 12
408 12
8 24
32 12
24 12
8 24
32 12
895
895 2
512 2
408 4
8 12
32 12
64 4
1815
1815 1
8 6
32 6
64 2
1823
1823 3
24 6
8 12
56 6
8 6
1855
1855 3
32 6
32 6
1919
1919 1
