1
1 2
2 12
4 12
8 12
8 4
8 12
32 12
64 4
130 4
2 12
4 12
8 12
8 4
8 12
32 12
64 2
3
3 6
2 12
2 24
8 24
6 12
2 12
8 24
32 12
22 12
2 12
8 24
32 12
130 12
2 12
2 24
2 24
8 24
6 12
2 12
8 24
32 6
22 12
2 12
8 12
7
7 6
8 12
4 12
4 12
8 12
20 24
4 24
8 24
56 12
8 12
130 12
2 24
4 12
8 12
2 12
2 24
4 12
8 6
20 24
4 12
15
15 6
8 12
8 12
20 12
4 24
8 24
56 12
8 12
130 12
2 24
4 12
8 6
2 12
2 24
4 12
28 12
23
23 2
8 12
32 12
64 4
130 4
2 12
4 12
16 2
31
31 6
24 12
8 24
56 12
8 12
130 12
2 24
4 6
10 12
2 12
63
63 6
32 12
32 12
130 12
2 6
2 12
127
127 2
130 2
