7
7 1
16 4
32 4
32 4
32 4
160 2
32 4
32 4
32 4
448 2
32 4
32 4
480 2
32 4
512 2
2464 2
32 4
32 4
32 4
448 2
32 4
32 4
480 2
32 4
512 2
7104 2
64 4
1024 2
23
23 2
32 4
32 4
32 4
144 2
16 4
32 4
32 4
32 4
400 4
16 4
32 4
32 4
32 4
400 4
16 4
32 4
32 4
32 4
400 4
16 4
32 4
32 4
32 4
2464 4
32 4
32 4
32 4
416 4
32 4
32 4
32 4
416 4
32 4
32 4
32 4
416 4
32 4
32 4
32 4
7104 4
64 4
960 4
64 4
55
55 2
32 4
32 4
160 4
32 4
32 4
32 4
400 2
16 4
32 4
32 4
32 4
400 4
16 4
32 4
32 4
32 4
400 4
16 4
32 4
32 4
32 4
2464 4
32 4
32 4
32 4
416 4
32 4
32 4
32 4
416 4
32 4
32 4
32 4
416 4
32 4
32 4
32 4
7104 4
64 4
960 4
64 4
87
87 2
32 4
160 4
32 4
32 4
32 4
416 4
32 4
32 4
32 4
400 2
16 4
32 4
32 4
32 4
400 4
16 4
32 4
32 4
32 4
2464 4
32 4
32 4
32 4
416 4
32 4
32 4
32 4
416 4
32 4
32 4
32 4
416 4
32 4
32 4
32 4
7104 4
64 4
960 4
64 4
119
119 2
160 4
32 4
32 4
32 4
416 4
32 4
32 4
32 4
416 4
32 4
32 4
32 4
400 2
16 4
32 4
32 4
32 4
2464 4
32 4
32 4
32 4
416 4
32 4
32 4
32 4
416 4
32 4
32 4
32 4
416 4
32 4
32 4
32 4
7104 4
64 4
960 4
64 4
279
279 1
32 4
32 4
32 4
448 2
32 4
32 4
480 2
32 4
512 2
2464 2
32 4
32 4
32 4
448 2
32 4
32 4
480 2
32 4
512 2
7104 2
64 4
1024 2
311
311 2
32 4
32 4
416 2
32 4
32 4
32 4
416 4
32 4
32 4
32 4
416 4
32 4
32 4
32 4
2464 4
32 4
32 4
32 4
416 4
32 4
32 4
32 4
416 4
32 4
32 4
32 4
416 4
32 4
32 4
32 4
7104 4
64 4
960 4
64 4
343
343 2
32 4
448 4
32 4
32 4
416 2
32 4
32 4
32 4
416 4
32 4
32 4
32 4
2464 4
32 4
32 4
32 4
416 4
32 4
32 4
32 4
416 4
32 4
32 4
32 4
416 4
32 4
32 4
32 4
7104 4
64 4
960 4
64 4
375
375 2
448 4
32 4
32 4
448 4
32 4
32 4
416 2
32 4
32 4
32 4
2464 4
32 4
32 4
32 4
416 4
32 4
32 4
32 4
416 4
32 4
32 4
32 4
416 4
32 4
32 4
32 4
7104 4
64 4
960 4
64 4
823
823 1
32 4
32 4
480 2
32 4
512 2
2464 2
32 4
32 4
32 4
448 2
32 4
32 4
480 2
32 4
512 2
7104 2
64 4
1024 2
855
855 2
32 4
448 2
32 4
32 4
448 4
32 4
32 4
2464 4
32 4
32 4
32 4
416 4
32 4
32 4
32 4
416 4
32 4
32 4
32 4
416 4
32 4
32 4
32 4
7104 4
64 4
960 4
64 4
887
887 2
480 4
32 4
448 2
32 4
32 4
2464 4
32 4
32 4
32 4
416 4
32 4
32 4
32 4
416 4
32 4
32 4
32 4
416 4
32 4
32 4
32 4
7104 4
64 4
960 4
64 4
1367
1367 1
32 4
512 2
2464 2
32 4
32 4
32 4
448 2
32 4
32 4
480 2
32 4
512 2
7104 2
64 4
1024 2
1399
1399 2
480 2
32 4
2464 4
32 4
32 4
32 4
416 4
32 4
32 4
32 4
416 4
32 4
32 4
32 4
416 4
32 4
32 4
32 4
7104 4
64 4
960 4
64 4
1911
1911 1
2464 2
32 4
32 4
32 4
448 2
32 4
32 4
480 2
32 4
512 2
7104 2
64 4
1024 2
4375
4375 1
32 4
32 4
32 4
448 2
32 4
32 4
480 2
32 4
512 2
7104 2
64 4
1024 2
4407
4407 2
32 4
32 4
416 2
32 4
32 4
32 4
416 4
32 4
32 4
32 4
416 4
32 4
32 4
32 4
7104 4
64 4
960 4
64 4
4439
4439 2
32 4
448 4
32 4
32 4
416 2
32 4
32 4
32 4
416 4
32 4
32 4
32 4
7104 4
64 4
960 4
64 4
4471
4471 2
448 4
32 4
32 4
448 4
32 4
32 4
416 2
32 4
32 4
32 4
7104 4
64 4
960 4
64 4
4919
4919 1
32 4
32 4
480 2
32 4
512 2
7104 2
64 4
1024 2
4951
4951 2
32 4
448 2
32 4
32 4
448 4
32 4
32 4
7104 4
64 4
960 4
64 4
4983
4983 2
480 4
32 4
448 2
32 4
32 4
7104 4
64 4
960 4
64 4
5463
5463 1
32 4
512 2
7104 2
64 4
1024 2
5495
5495 2
480 2
32 4
7104 4
64 4
960 4
64 4
6007
6007 1
7104 2
64 4
1024 2
13111
13111 1
64 4
1024 2
13175
13175 2
960 2
64 4
14199
14199 1
