23
23 1
8 6
32 6
64 2
152 2
8 6
32 6
64 2
408 6
8 18
32 18
64 6
920 6
8 18
32 18
64 6
3992 2
8 6
32 6
64 2
31
31 3
24 6
8 12
56 6
8 6
152 6
8 6
24 12
8 12
56 6
8 6
408 18
8 18
24 36
8 36
56 18
8 18
920 18
8 18
24 36
8 36
56 18
8 18
3992 6
8 6
24 12
8 12
56 6
8 6
63
63 3
32 6
32 6
152 6
8 12
32 6
24 6
8 12
32 6
408 18
8 36
32 18
24 18
8 36
32 18
920 18
8 36
32 18
24 18
8 36
32 18
3992 6
8 12
32 6
24 6
8 12
32 6
127
127 1
152 2
8 6
32 6
64 2
408 6
8 18
32 18
64 6
920 6
8 18
32 18
64 6
3992 2
8 6
32 6
64 2
279
279 1
8 6
32 6
64 2
408 6
8 18
32 18
64 6
920 6
8 18
32 18
64 6
3992 2
8 6
32 6
64 2
287
287 3
24 6
8 12
56 6
8 6
408 18
8 18
24 36
8 36
56 18
8 18
920 18
8 18
24 36
8 36
56 18
8 18
3992 6
8 6
24 12
8 12
56 6
8 6
319
319 3
32 6
32 6
408 18
8 36
32 18
24 18
8 36
32 18
920 18
8 36
32 18
24 18
8 36
32 18
3992 6
8 12
32 6
24 6
8 12
32 6
383
383 1
408 6
8 18
32 18
64 6
920 6
8 18
32 18
64 6
3992 2
8 6
32 6
64 2
791
791 3
8 18
32 18
64 6
408 6
8 36
32 36
64 12
408 12
8 36
32 36
64 12
3480 6
8 18
32 18
64 6
408 6
8 18
32 18
64 6
799
799 9
24 18
8 36
56 18
8 18
416 18
24 36
8 72
56 36
8 36
408 36
8 36
24 72
8 72
56 36
8 36
3480 18
8 18
24 36
8 36
56 18
8 18
408 18
8 18
24 36
8 36
56 18
8 18
831
831 9
32 18
32 18
448 18
32 36
32 36
408 36
8 72
32 36
24 36
8 72
32 36
3480 18
8 36
32 18
24 18
8 36
32 18
408 18
8 36
32 18
24 18
8 36
32 18
895
895 3
512 6
408 12
8 36
32 36
64 12
3480 6
8 18
32 18
64 6
408 6
8 18
32 18
64 6
1815
1815 3
8 18
32 18
64 6
2968 6
8 36
32 36
64 12
920 6
8 18
32 18
64 6
1823
1823 9
24 18
8 36
56 18
8 18
2976 18
24 36
8 72
56 36
8 36
920 18
8 18
24 36
8 36
56 18
8 18
1855
1855 9
32 18
32 18
3008 18
32 36
32 36
920 18
8 36
32 18
24 18
8 36
32 18
1919
1919 3
3072 6
920 6
8 18
32 18
64 6
5911
5911 1
8 6
32 6
64 2
5919
5919 3
24 6
8 12
56 6
8 6
5951
5951 3
32 6
32 6
6015
6015 1
