7
7 1
16 2
32 4
64 2
144 2
16 2
32 4
64 2
400 2
16 2
32 4
64 2
3488 2
32 4
64 2
416 2
32 4
64 2
23
23 1
32 4
64 2
144 2
16 2
32 4
64 2
400 2
16 2
32 4
64 2
3488 2
32 4
64 2
416 2
32 4
64 2
55
55 2
32 2
32 4
144 4
16 4
32 4
32 4
32 4
400 4
16 4
32 4
32 4
32 4
3488 4
32 4
32 4
32 4
416 4
32 4
32 4
32 4
119
119 1
144 2
16 2
32 4
64 2
400 2
16 2
32 4
64 2
3488 2
32 4
64 2
416 2
32 4
64 2
263
263 1
16 2
32 4
64 2
400 2
16 2
32 4
64 2
3488 2
32 4
64 2
416 2
32 4
64 2
279
279 1
32 4
64 2
400 2
16 2
32 4
64 2
3488 2
32 4
64 2
416 2
32 4
64 2
311
311 2
32 2
32 4
400 4
16 4
32 4
32 4
32 4
3488 4
32 4
32 4
32 4
416 4
32 4
32 4
32 4
375
375 1
400 2
16 2
32 4
64 2
3488 2
32 4
64 2
416 2
32 4
64 2
775
775 1
16 2
32 4
64 2
3488 2
32 4
64 2
416 2
32 4
64 2
791
791 1
32 4
64 2
3488 2
32 4
64 2
416 2
32 4
64 2
823
823 2
32 2
32 4
3488 4
32 4
32 4
32 4
416 4
32 4
32 4
32 4
887
887 1
3488 2
32 4
64 2
416 2
32 4
64 2
4375
4375 1
32 4
64 2
416 2
32 4
64 2
4407
4407 2
32 2
32 4
416 4
32 4
32 4
32 4
4471
4471 1
416 2
32 4
64 2
4887
4887 1
32 4
64 2
4919
4919 2
32 2
32 4
4983
4983 1
