1
1 2
2 16
4 8
12 16
4 16
28 16
4 32
64 16
160 4
32 16
64 16
480 8
32 16
1024 2
3
3 8
2 8
2 16
10 16
2 32
2 32
2 32
28 32
4 32
30 32
2 32
32 32
154 16
2 16
2 16
2 16
28 32
4 32
30 32
2 32
32 32
444 16
4 16
32 32
32 16
478 16
2 16
32 16
7
7 4
12 32
4 16
28 32
4 32
64 16
154 4
2 16
4 8
28 32
4 32
64 16
444 16
4 16
32 8
19
19 8
2 16
2 32
28 16
4 32
30 32
2 32
32 32
142 8
2 32
16 16
32 16
30 32
2 32
32 16
910 16
2 32
16 16
62 32
2 16
23
23 8
28 32
4 32
64 16
144 8
12 16
4 16
28 32
4 16
460 32
4 32
12 32
4 16
28 32
980 16
51
51 8
4 32
30 16
2 32
32 16
160 16
62 32
944 8
2 32
78 16
55
55 8
32 16
192 16
62 16
434 16
512 8
279
279 1
