15
15 1
16 2
32 4
64 2
128 2
16 2
16 2
32 4
64 2
128 2
272 2
16 2
32 4
64 2
128 2
3360 2
32 4
64 2
128 2
288 2
32 4
64 2
128 2
31
31 1
32 4
64 2
128 2
16 2
16 2
32 4
64 2
128 2
272 2
16 2
32 4
64 2
128 2
3360 2
32 4
64 2
128 2
288 2
32 4
64 2
128 2
63
63 2
32 2
32 4
128 4
16 4
16 4
32 4
32 4
32 4
128 4
272 4
16 4
32 4
32 4
32 4
128 4
3360 4
32 4
32 4
32 4
128 4
288 4
32 4
32 4
32 4
128 4
127
127 1
128 2
16 2
16 2
32 4
64 2
128 2
272 2
16 2
32 4
64 2
128 2
3360 2
32 4
64 2
128 2
288 2
32 4
64 2
128 2
255
255 1
16 2
16 2
32 4
64 2
128 2
272 2
16 2
32 4
64 2
128 2
3360 2
32 4
64 2
128 2
288 2
32 4
64 2
128 2
271
271 1
16 2
32 4
64 2
128 2
272 2
16 2
32 4
64 2
128 2
3360 2
32 4
64 2
128 2
288 2
32 4
64 2
128 2
287
287 1
32 4
64 2
128 2
272 2
16 2
32 4
64 2
128 2
3360 2
32 4
64 2
128 2
288 2
32 4
64 2
128 2
319
319 2
32 2
32 4
128 4
272 4
16 4
32 4
32 4
32 4
128 4
3360 4
32 4
32 4
32 4
128 4
288 4
32 4
32 4
32 4
128 4
383
383 1
128 2
272 2
16 2
32 4
64 2
128 2
3360 2
32 4
64 2
128 2
288 2
32 4
64 2
128 2
511
511 1
272 2
16 2
32 4
64 2
128 2
3360 2
32 4
64 2
128 2
288 2
32 4
64 2
128 2
783
783 1
16 2
32 4
64 2
128 2
3360 2
32 4
64 2
128 2
288 2
32 4
64 2
128 2
799
799 1
32 4
64 2
128 2
3360 2
32 4
64 2
128 2
288 2
32 4
64 2
128 2
831
831 2
32 2
32 4
128 4
3360 4
32 4
32 4
32 4
128 4
288 4
32 4
32 4
32 4
128 4
895
895 1
128 2
3360 2
32 4
64 2
128 2
288 2
32 4
64 2
128 2
1023
1023 1
3360 2
32 4
64 2
128 2
288 2
32 4
64 2
128 2
4383
4383 1
32 4
64 2
128 2
288 2
32 4
64 2
128 2
4415
4415 2
32 2
32 4
128 4
288 4
32 4
32 4
32 4
128 4
4479
4479 1
128 2
288 2
32 4
64 2
128 2
4607
4607 1
288 2
32 4
64 2
128 2
4895
4895 1
32 4
64 2
128 2
4927
4927 2
32 2
32 4
128 4
4991
4991 1
128 2
5119
5119 1
