0
0 2
1 4
2 16
4 24
8 24
8 16
8 48
32 48
64 16
128 16
24 4
8 24
32 48
64 16
128 16
320 16
24 12
8 48
32 48
128 48
888 12
8 24
128 48
2048 24
1920 4
128 16
2048 24
8192 16
16384 4
32768 2
1
1 2
2 16
4 24
8 24
8 16
8 48
32 48
64 16
128 16
24 4
8 24
32 48
64 16
128 16
320 16
24 12
8 48
32 48
128 48
888 12
8 24
128 48
2048 24
1920 4
128 16
2048 24
8192 16
16384 2
3
3 8
2 24
2 48
8 48
6 48
2 48
8 96
32 48
22 48
2 48
8 96
32 48
128 48
22 16
2 16
8 48
32 48
22 48
2 48
8 96
32 48
128 48
320 16
24 48
8 96
32 48
128 48
342 48
2 48
8 48
24 96
8 96
128 96
376 48
8 48
128 96
2048 48
1366 16
2 16
8 48
32 48
128 48
384 16
128 48
2048 48
8192 8
5462 16
2 16
8 48
32 48
128 48
384 16
128 48
2048 24
7
7 12
8 24
4 48
4 48
8 48
20 96
4 96
8 96
56 48
8 48
128 48
18 12
2 48
4 24
8 24
20 96
4 96
8 96
56 48
8 48
128 48
308 48
4 48
8 48
24 48
8 48
24 96
8 96
128 96
888 24
8 24
128 48
2048 24
274 24
2 48
4 24
8 24
20 96
4 96
8 96
56 48
8 48
128 48
308 48
4 48
8 48
24 48
8 48
24 96
8 96
128 96
888 24
8 24
128 48
2048 12
4916 48
4 48
8 48
56 96
8 96
128 96
888 48
8 48
128 48
16248 24
8 12
15
15 12
8 48
8 48
20 48
4 96
8 96
56 48
8 48
128 48
20 48
4 24
8 24
20 96
4 96
8 96
56 48
8 48
128 48
308 48
4 48
8 48
24 48
8 48
24 96
8 96
128 96
888 24
8 24
128 48
2048 12
274 12
2 48
4 24
8 24
20 96
4 96
8 96
56 48
8 48
128 48
308 48
4 48
8 48
24 48
8 48
24 96
8 96
128 96
888 24
8 24
128 48
6964 48
4 48
8 48
56 96
8 96
128 48
888 48
8 48
16376 12
23
23 8
8 48
32 48
64 16
128 16
8 24
8 48
8 16
8 48
32 48
64 16
128 16
264 96
8 96
8 48
8 96
32 48
24 48
8 96
32 48
128 48
776 48
8 48
8 48
8 48
24 96
8 96
56 48
8 48
128 48
1808 48
16 48
32 96
64 48
1944 16
8 48
32 48
64 16
128 8
1824 48
32 96
64 24
31
31 24
24 48
8 96
56 48
8 48
128 48
16 24
8 48
8 48
20 96
4 96
8 96
56 48
8 48
128 48
272 96
4 48
4 96
8 96
20 96
4 96
8 96
24 96
8 96
24 96
8 96
128 96
776 48
8 48
8 48
8 48
24 96
8 96
56 48
8 48
128 24
1808 48
16 48
32 96
64 24
404 48
4 48
8 48
20 96
4 96
8 96
56 48
8 48
128 48
276 96
4 96
8 96
20 96
4 96
8 96
24 96
8 96
24 96
8 96
128 48
792 48
8 48
24 96
8 96
56 48
8 48
1952 48
32 96
5108 96
4 96
8 96
56 96
960 96
8 48
56 48
63
63 24
32 48
32 48
128 48
24 48
8 96
32 48
24 48
8 96
32 48
128 48
272 48
8 48
8 96
32 48
24 48
8 96
32 48
128 24
272 48
8 96
8 96
24 96
8 96
22 96
2 96
8 96
24 96
8 96
128 48
272 96
8 96
8 96
24 96
8 96
24 96
8 96
24 96
8 96
1936 96
16 96
32 48
32 48
1462 24
2 48
8 96
32 48
22 48
2 48
8 96
32 48
408 48
8 96
32 48
24 48
8 96
32 48
1952 96
13878 48
2 48
512 24
127
127 8
128 16
24 16
8 48
32 48
64 16
128 8
280 48
8 96
32 48
24 48
8 96
32 48
912 24
8 48
8 48
24 96
8 96
56 48
8 48
1936 48
16 24
2040 16
8 48
32 48
64 16
255
255 4
24 16
8 48
32 48
64 8
408 48
8 96
32 24
24 48
8 48
952 48
8 24
24 48
2008 12
2056 8
279
279 2
8 24
32 48
64 16
448 16
24 12
8 48
32 48
1016 12
8 24
4096 2
287
287 12
24 48
8 96
56 48
8 48
440 48
8 48
24 48
8 48
24 96
8 96
1016 24
8 12
2456 12
8 24
24 96
8 96
56 48
8 48
440 48
8 48
24 48
8 48
24 96
8 48
1016 12
319
319 24
32 48
32 48
416 48
32 48
24 48
8 96
32 24
416 48
24 96
8 96
24 96
8 96
24 96
8 48
416 96
24 96
8 48
24 96
8 48
24 96
3488 24
8 96
32 48
24 48
8 96
440 48
64 24
383
383 4
448 24
24 48
8 48
960 12
24 48
4064 8
831
831 4
24 48
8 48
512 12
24 48
855
855 6
8 48
472 12
8 48
56 48
512 12
3528 6
863
863 12
24 48
456 12
56 48
3552 12
480 12
