1
1 1
2 4
4 2
8 2
2 4
2 8
4 4
8 4
20 8
4 8
8 8
56 4
8 4
128 4
18 2
2 4
4 2
8 2
20 8
4 8
8 8
56 4
8 4
128 4
308 4
4 4
8 4
24 4
8 4
24 8
8 8
128 8
888 2
8 2
128 4
2048 2
3
3 2
2 2
2 4
8 4
2 8
2 8
2 8
2 8
8 8
20 8
4 8
8 8
22 8
2 8
8 8
24 8
8 8
128 8
18 4
2 4
2 4
2 4
8 4
20 8
4 8
8 8
22 8
2 8
8 8
24 8
8 8
128 8
308 4
4 4
8 4
24 8
8 8
24 8
8 8
128 8
342 4
2 4
8 4
24 8
8 8
128 8
376 4
8 4
128 8
2048 4
7
7 1
8 2
2 4
2 8
4 4
8 4
20 8
4 8
8 8
56 4
8 4
128 4
18 2
2 4
4 2
8 2
20 8
4 8
8 8
56 4
8 4
128 4
308 4
4 4
8 4
24 4
8 4
24 8
8 8
128 8
888 2
8 2
128 4
2048 2
15
15 1
2 4
2 8
4 4
8 4
20 8
4 8
8 8
56 4
8 4
128 4
18 2
2 4
4 2
8 2
20 8
4 8
8 8
56 4
8 4
128 4
308 4
4 4
8 4
24 4
8 4
24 8
8 8
128 8
888 2
8 2
128 4
2048 2
17
17 2
2 8
4 4
8 4
20 8
4 8
8 8
56 4
8 4
128 4
2 2
2 8
4 4
8 4
2 4
2 8
4 4
8 4
20 8
4 8
8 8
56 4
8 4
128 4
260 8
4 8
8 8
4 8
4 8
8 8
20 8
4 8
8 8
24 8
8 8
24 8
8 8
128 8
776 4
8 4
8 4
8 4
24 8
8 8
56 4
8 4
128 4
1808 4
16 4
32 8
64 4
128 4
19
19 4
2 4
2 8
8 8
20 8
4 8
8 8
22 8
2 8
8 8
24 8
8 8
128 8
4 4
2 4
2 8
8 8
2 8
2 8
2 8
2 8
8 8
20 8
4 8
8 8
22 8
2 8
8 8
24 8
8 8
128 8
260 8
4 8
8 8
4 8
4 8
8 8
20 8
4 8
8 8
24 8
8 8
24 8
8 8
128 8
262 8
2 8
8 8
6 8
2 8
8 8
24 8
8 8
22 8
2 8
8 8
24 8
8 8
128 8
264 8
8 8
8 8
8 8
24 8
8 8
24 8
8 8
24 8
8 8
128 8
1808 8
16 8
32 8
32 8
32 8
128 8
23
23 2
8 4
20 8
4 8
8 8
56 4
8 4
128 4
8 2
8 4
2 4
2 8
4 4
8 4
20 8
4 8
8 8
56 4
8 4
128 4
260 8
4 8
8 8
4 8
4 8
8 8
20 8
4 8
8 8
24 8
8 8
24 8
8 8
128 8
776 4
8 4
8 4
8 4
24 8
8 8
56 4
8 4
128 4
1808 4
16 4
32 8
64 4
128 4
31
31 2
20 8
4 8
8 8
56 4
8 4
128 4
16 2
2 4
2 8
4 4
8 4
20 8
4 8
8 8
56 4
8 4
128 4
260 8
4 8
8 8
4 8
4 8
8 8
20 8
4 8
8 8
24 8
8 8
24 8
8 8
128 8
776 4
8 4
8 4
8 4
24 8
8 8
56 4
8 4
128 4
1808 4
16 4
32 8
64 4
128 4
51
51 4
4 8
8 8
22 4
2 8
8 8
24 8
8 8
128 8
18 8
2 8
2 8
2 8
8 8
20 8
4 8
8 8
22 8
2 8
8 8
24 8
8 8
128 8
260 4
4 8
8 8
4 8
4 8
8 8
20 8
4 8
8 8
24 8
8 8
24 8
8 8
128 8
262 4
2 8
8 8
6 8
2 8
8 8
24 8
8 8
22 8
2 8
8 8
24 8
8 8
128 8
264 8
8 8
8 8
8 8
24 8
8 8
24 8
8 8
24 8
8 8
128 8
1808 8
16 8
32 8
32 8
32 8
128 8
55
55 4
8 8
24 4
8 8
24 8
8 8
128 8
18 8
2 8
2 8
2 8
8 8
20 8
4 8
8 8
22 8
2 8
8 8
24 8
8 8
128 8
264 4
8 8
4 8
4 8
8 8
20 8
4 8
8 8
24 8
8 8
24 8
8 8
128 8
264 4
8 8
6 8
2 8
8 8
24 8
8 8
22 8
2 8
8 8
24 8
8 8
128 8
264 8
8 8
8 8
8 8
24 8
8 8
24 8
8 8
24 8
8 8
128 8
1808 8
16 8
32 8
32 8
32 8
128 8
63
63 4
32 4
24 8
8 8
128 8
18 8
2 8
2 8
2 8
8 8
20 8
4 8
8 8
22 8
2 8
8 8
24 8
8 8
128 8
272 4
4 8
4 8
8 8
20 8
4 8
8 8
24 8
8 8
24 8
8 8
128 8
272 4
6 8
2 8
8 8
24 8
8 8
22 8
2 8
8 8
24 8
8 8
128 8
264 8
8 8
8 8
8 8
24 8
8 8
24 8
8 8
24 8
8 8
128 8
1808 8
16 8
32 8
32 8
32 8
128 8
119
119 2
8 4
128 4
18 4
2 8
4 4
8 4
20 8
4 8
8 8
56 4
8 4
128 4
276 8
4 8
8 8
20 8
4 8
8 8
24 8
8 8
24 8
8 8
128 8
776 2
8 4
8 4
8 4
24 8
8 8
56 4
8 4
128 4
1808 4
16 4
32 8
64 4
128 4
127
127 2
128 4
18 4
2 8
4 4
8 4
20 8
4 8
8 8
56 4
8 4
128 4
276 8
4 8
8 8
20 8
4 8
8 8
24 8
8 8
24 8
8 8
128 8
784 2
8 4
8 4
24 8
8 8
56 4
8 4
128 4
1808 4
16 4
32 8
64 4
128 4
255
255 2
18 4
2 8
4 4
8 4
20 8
4 8
8 8
56 4
8 4
128 4
276 8
4 8
8 8
20 8
4 8
8 8
24 8
8 8
24 8
8 8
128 8
792 4
8 4
24 8
8 8
56 4
8 4
128 4
1808 2
16 4
32 8
64 4
128 4
273
273 1
2 4
4 2
8 2
20 8
4 8
8 8
56 4
8 4
128 4
308 4
4 4
8 4
24 4
8 4
24 8
8 8
128 8
888 2
8 2
128 4
2048 2
275
275 2
2 2
2 4
8 4
20 8
4 8
8 8
22 8
2 8
8 8
24 8
8 8
128 8
308 4
4 4
8 4
24 8
8 8
24 8
8 8
128 8
342 4
2 4
8 4
24 8
8 8
128 8
376 4
8 4
128 8
2048 4
279
279 1
8 2
20 8
4 8
8 8
56 4
8 4
128 4
308 4
4 4
8 4
24 4
8 4
24 8
8 8
128 8
888 2
8 2
128 4
2048 2
287
287 1
20 8
4 8
8 8
56 4
8 4
128 4
308 4
4 4
8 4
24 4
8 4
24 8
8 8
128 8
888 2
8 2
128 4
2048 2
307
307 4
4 8
8 8
22 4
2 8
8 8
24 8
8 8
128 8
276 4
4 8
8 8
20 8
4 8
8 8
24 8
8 8
24 8
8 8
128 8
278 4
2 8
8 8
24 8
8 8
22 8
2 8
8 8
24 8
8 8
128 8
280 8
8 8
24 8
8 8
24 8
8 8
24 8
8 8
128 8
1824 8
32 8
32 8
32 8
128 8
311
311 4
8 8
24 4
8 8
24 8
8 8
128 8
280 4
8 8
20 8
4 8
8 8
24 8
8 8
24 8
8 8
128 8
280 4
8 8
24 8
8 8
22 8
2 8
8 8
24 8
8 8
128 8
280 8
8 8
24 8
8 8
24 8
8 8
24 8
8 8
128 8
1824 8
32 8
32 8
32 8
128 8
319
319 4
32 4
24 8
8 8
128 8
288 4
20 8
4 8
8 8
24 8
8 8
24 8
8 8
128 8
288 4
24 8
8 8
22 8
2 8
8 8
24 8
8 8
128 8
280 8
8 8
24 8
8 8
24 8
8 8
24 8
8 8
128 8
1824 8
32 8
32 8
32 8
128 8
375
375 2
8 4
128 4
308 8
4 8
8 8
24 8
8 8
24 8
8 8
128 8
792 2
8 4
24 8
8 8
56 4
8 4
128 4
1824 4
32 8
64 4
128 4
383
383 2
128 4
308 8
4 8
8 8
24 8
8 8
24 8
8 8
128 8
800 2
24 8
8 8
56 4
8 4
128 4
1824 4
32 8
64 4
128 4
511
511 2
308 8
4 8
8 8
24 8
8 8
24 8
8 8
128 8
824 8
8 8
56 4
8 4
128 4
1824 2
32 8
64 4
128 4
819
819 2
4 4
8 4
24 8
8 8
24 8
8 8
128 8
342 2
2 4
8 4
24 8
8 8
128 8
376 4
8 4
128 8
2048 4
823
823 2
8 4
24 8
8 8
24 8
8 8
128 8
344 2
8 4
24 8
8 8
128 8
376 4
8 4
128 8
2048 4
831
831 2
24 8
8 8
24 8
8 8
128 8
352 2
24 8
8 8
128 8
376 4
8 4
128 8
2048 4
855
855 2
8 4
24 8
8 8
128 8
312 2
8 4
56 8
8 8
128 8
376 4
8 4
128 8
2048 4
863
863 2
24 8
8 8
128 8
320 2
56 8
8 8
128 8
376 4
8 4
128 8
2048 4
887
887 4
8 8
128 8
376 4
8 8
128 8
312 4
8 8
24 4
8 8
24 8
8 8
128 8
1856 8
32 8
32 8
128 8
895
895 4
128 8
384 4
128 8
320 4
32 4
24 8
8 8
128 8
1856 8
32 8
32 8
128 8
1023
1023 4
512 4
376 8
8 8
128 8
1856 4
32 4
32 8
128 8
1911
1911 1
8 2
128 4
2048 2
1919
1919 1
128 4
2048 2
2047
2047 2
1920 2
128 4
4095
4095 1
