3
3 1
4 4
8 4
8 2
8 4
32 2
24 2
8 4
32 2
128 2
4 2
4 4
8 4
8 2
8 4
32 2
24 2
8 4
32 2
128 2
776 4
8 4
8 4
8 4
24 4
8 4
24 4
8 4
24 4
8 4
128 4
3864 2
8 4
32 2
24 2
8 4
32 2
128 2
16216 2
8 4
32 2
128 2
7
7 2
8 4
4 2
4 4
8 4
20 4
4 4
8 4
24 4
8 4
24 4
8 4
128 4
4 4
4 4
8 4
4 4
4 4
8 4
20 4
4 4
8 4
24 4
8 4
24 4
8 4
128 4
776 4
8 4
8 4
8 4
24 4
8 4
24 4
8 4
24 4
8 4
128 4
2836 4
4 4
8 4
20 4
4 4
8 4
24 4
8 4
24 4
8 4
128 4
792 4
8 4
24 4
8 4
24 4
8 4
24 4
8 4
128 4
16216 4
8 4
24 4
8 4
128 4
15
15 2
8 4
8 4
20 2
4 4
8 4
24 4
8 4
24 4
8 4
128 4
4 4
4 4
8 4
4 4
4 4
8 4
20 4
4 4
8 4
24 4
8 4
24 4
8 4
128 4
776 4
8 4
8 4
8 4
24 4
8 4
24 4
8 4
24 4
8 4
128 4
2836 4
4 4
8 4
20 4
4 4
8 4
24 4
8 4
24 4
8 4
128 4
792 4
8 4
24 4
8 4
24 4
8 4
24 4
8 4
128 4
16216 4
8 4
24 4
8 4
128 4
23
23 1
8 4
32 2
24 2
8 4
32 2
128 2
4 2
4 4
8 4
8 2
8 4
32 2
24 2
8 4
32 2
128 2
776 4
8 4
8 4
8 4
24 4
8 4
24 4
8 4
24 4
8 4
128 4
3864 2
8 4
32 2
24 2
8 4
32 2
128 2
16216 2
8 4
32 2
128 2
31
31 2
24 2
8 4
24 4
8 4
24 4
8 4
128 4
4 4
4 4
8 4
4 4
4 4
8 4
20 4
4 4
8 4
24 4
8 4
24 4
8 4
128 4
776 4
8 4
8 4
8 4
24 4
8 4
24 4
8 4
24 4
8 4
128 4
2836 4
4 4
8 4
20 4
4 4
8 4
24 4
8 4
24 4
8 4
128 4
792 4
8 4
24 4
8 4
24 4
8 4
24 4
8 4
128 4
16216 4
8 4
24 4
8 4
128 4
63
63 1
24 2
8 4
32 2
128 2
4 2
4 4
8 4
8 2
8 4
32 2
24 2
8 4
32 2
128 2
776 4
8 4
8 4
8 4
24 4
8 4
24 4
8 4
24 4
8 4
128 4
3864 2
8 4
32 2
24 2
8 4
32 2
128 2
16216 2
8 4
32 2
128 2
87
87 1
8 4
32 2
128 2
4 2
4 4
8 4
8 2
8 4
32 2
24 2
8 4
32 2
128 2
776 4
8 4
8 4
8 4
24 4
8 4
24 4
8 4
24 4
8 4
128 4
3864 2
8 4
32 2
24 2
8 4
32 2
128 2
16216 2
8 4
32 2
128 2
95
95 2
24 2
8 4
128 4
4 4
4 4
8 4
4 4
4 4
8 4
20 4
4 4
8 4
24 4
8 4
24 4
8 4
128 4
776 4
8 4
8 4
8 4
24 4
8 4
24 4
8 4
24 4
8 4
128 4
2836 4
4 4
8 4
20 4
4 4
8 4
24 4
8 4
24 4
8 4
128 4
792 4
8 4
24 4
8 4
24 4
8 4
24 4
8 4
128 4
16216 4
8 4
24 4
8 4
128 4
127
127 1
128 2
4 2
4 4
8 4
8 2
8 4
32 2
24 2
8 4
32 2
128 2
776 4
8 4
8 4
8 4
24 4
8 4
24 4
8 4
24 4
8 4
128 4
3864 2
8 4
32 2
24 2
8 4
32 2
128 2
16216 2
8 4
32 2
128 2
255
255 1
4 2
4 4
8 4
8 2
8 4
32 2
24 2
8 4
32 2
128 2
776 4
8 4
8 4
8 4
24 4
8 4
24 4
8 4
24 4
8 4
128 4
3864 2
8 4
32 2
24 2
8 4
32 2
128 2
16216 2
8 4
32 2
128 2
259
259 1
4 4
8 4
8 2
8 4
32 2
24 2
8 4
32 2
128 2
776 4
8 4
8 4
8 4
24 4
8 4
24 4
8 4
24 4
8 4
128 4
3864 2
8 4
32 2
24 2
8 4
32 2
128 2
16216 2
8 4
32 2
128 2
263
263 2
8 4
4 2
4 4
8 4
20 4
4 4
8 4
24 4
8 4
24 4
8 4
128 4
776 4
8 4
8 4
8 4
24 4
8 4
24 4
8 4
24 4
8 4
128 4
2836 4
4 4
8 4
20 4
4 4
8 4
24 4
8 4
24 4
8 4
128 4
792 4
8 4
24 4
8 4
24 4
8 4
24 4
8 4
128 4
16216 4
8 4
24 4
8 4
128 4
271
271 2
8 4
8 4
20 2
4 4
8 4
24 4
8 4
24 4
8 4
128 4
776 4
8 4
8 4
8 4
24 4
8 4
24 4
8 4
24 4
8 4
128 4
2836 4
4 4
8 4
20 4
4 4
8 4
24 4
8 4
24 4
8 4
128 4
792 4
8 4
24 4
8 4
24 4
8 4
24 4
8 4
128 4
16216 4
8 4
24 4
8 4
128 4
279
279 1
8 4
32 2
24 2
8 4
32 2
128 2
776 4
8 4
8 4
8 4
24 4
8 4
24 4
8 4
24 4
8 4
128 4
3864 2
8 4
32 2
24 2
8 4
32 2
128 2
16216 2
8 4
32 2
128 2
287
287 2
24 2
8 4
24 4
8 4
24 4
8 4
128 4
776 4
8 4
8 4
8 4
24 4
8 4
24 4
8 4
24 4
8 4
128 4
2836 4
4 4
8 4
20 4
4 4
8 4
24 4
8 4
24 4
8 4
128 4
792 4
8 4
24 4
8 4
24 4
8 4
24 4
8 4
128 4
16216 4
8 4
24 4
8 4
128 4
319
319 1
24 2
8 4
32 2
128 2
776 4
8 4
8 4
8 4
24 4
8 4
24 4
8 4
24 4
8 4
128 4
3864 2
8 4
32 2
24 2
8 4
32 2
128 2
16216 2
8 4
32 2
128 2
343
343 1
8 4
32 2
128 2
776 4
8 4
8 4
8 4
24 4
8 4
24 4
8 4
24 4
8 4
128 4
3864 2
8 4
32 2
24 2
8 4
32 2
128 2
16216 2
8 4
32 2
128 2
351
351 2
24 2
8 4
128 4
776 4
8 4
8 4
8 4
24 4
8 4
24 4
8 4
24 4
8 4
128 4
2836 4
4 4
8 4
20 4
4 4
8 4
24 4
8 4
24 4
8 4
128 4
792 4
8 4
24 4
8 4
24 4
8 4
24 4
8 4
128 4
16216 4
8 4
24 4
8 4
128 4
383
383 1
128 2
776 4
8 4
8 4
8 4
24 4
8 4
24 4
8 4
24 4
8 4
128 4
3864 2
8 4
32 2
24 2
8 4
32 2
128 2
16216 2
8 4
32 2
128 2
511
511 1
776 4
8 4
8 4
8 4
24 4
8 4
24 4
8 4
24 4
8 4
128 4
3864 2
8 4
32 2
24 2
8 4
32 2
128 2
16216 2
8 4
32 2
128 2
1287
1287 2
8 4
8 4
8 4
24 4
8 4
24 4
8 4
24 4
8 4
128 4
2836 2
4 4
8 4
20 4
4 4
8 4
24 4
8 4
24 4
8 4
128 4
792 4
8 4
24 4
8 4
24 4
8 4
24 4
8 4
128 4
16216 4
8 4
24 4
8 4
128 4
1295
1295 2
8 4
8 4
24 4
8 4
24 4
8 4
24 4
8 4
128 4
2840 4
8 4
20 2
4 4
8 4
24 4
8 4
24 4
8 4
128 4
792 4
8 4
24 4
8 4
24 4
8 4
24 4
8 4
128 4
16216 4
8 4
24 4
8 4
128 4
1303
1303 2
8 4
24 4
8 4
24 4
8 4
24 4
8 4
128 4
2840 2
8 4
24 4
8 4
24 4
8 4
24 4
8 4
128 4
792 4
8 4
24 4
8 4
24 4
8 4
24 4
8 4
128 4
16216 4
8 4
24 4
8 4
128 4
1311
1311 2
24 4
8 4
24 4
8 4
24 4
8 4
128 4
2848 4
24 2
8 4
24 4
8 4
24 4
8 4
128 4
792 4
8 4
24 4
8 4
24 4
8 4
24 4
8 4
128 4
16216 4
8 4
24 4
8 4
128 4
1335
1335 2
8 4
24 4
8 4
24 4
8 4
128 4
2848 2
32 4
24 4
8 4
24 4
8 4
128 4
792 4
8 4
24 4
8 4
24 4
8 4
24 4
8 4
128 4
16216 4
8 4
24 4
8 4
128 4
1343
1343 2
24 4
8 4
24 4
8 4
128 4
2880 2
24 4
8 4
24 4
8 4
128 4
792 4
8 4
24 4
8 4
24 4
8 4
24 4
8 4
128 4
16216 4
8 4
24 4
8 4
128 4
1367
1367 2
8 4
24 4
8 4
128 4
2904 2
8 4
24 4
8 4
128 4
792 4
8 4
24 4
8 4
24 4
8 4
24 4
8 4
128 4
16216 4
8 4
24 4
8 4
128 4
1375
1375 2
24 4
8 4
128 4
2912 4
24 2
8 4
128 4
792 4
8 4
24 4
8 4
24 4
8 4
24 4
8 4
128 4
16216 4
8 4
24 4
8 4
128 4
1399
1399 2
8 4
128 4
2912 2
32 4
128 4
792 4
8 4
24 4
8 4
24 4
8 4
24 4
8 4
128 4
16216 4
8 4
24 4
8 4
128 4
1407
1407 2
128 4
2944 2
128 4
792 4
8 4
24 4
8 4
24 4
8 4
24 4
8 4
128 4
16216 4
8 4
24 4
8 4
128 4
1535
1535 2
3072 2
792 4
8 4
24 4
8 4
24 4
8 4
24 4
8 4
128 4
16216 4
8 4
24 4
8 4
128 4
5399
5399 1
8 4
32 2
24 2
8 4
32 2
128 2
16216 2
8 4
32 2
128 2
5407
5407 2
24 2
8 4
24 4
8 4
24 4
8 4
128 4
16216 4
8 4
24 4
8 4
128 4
5439
5439 1
24 2
8 4
32 2
128 2
16216 2
8 4
32 2
128 2
5463
5463 1
8 4
32 2
128 2
16216 2
8 4
32 2
128 2
5471
5471 2
24 2
8 4
128 4
16216 4
8 4
24 4
8 4
128 4
5503
5503 1
128 2
16216 2
8 4
32 2
128 2
5631
5631 1
16216 2
8 4
32 2
128 2
21847
21847 1
8 4
32 2
128 2
21855
21855 2
24 2
8 4
128 4
21887
21887 1
128 2
22015
22015 1
