7
7 2
16 8
32 16
64 8
160 4
32 16
64 8
448 8
32 8
32 16
1024 4
2464 4
32 16
64 8
448 8
32 8
32 16
1024 4
7104 8
64 16
1024 8
16384 2
23
23 4
32 16
64 8
144 4
16 8
32 16
64 8
400 16
16 16
32 16
32 16
32 16
912 8
16 8
32 16
64 8
2464 8
32 16
64 8
416 16
32 16
32 16
32 16
928 8
32 16
64 8
7104 16
64 16
960 16
64 8
55
55 8
32 8
32 16
160 16
32 16
32 16
32 16
400 8
16 16
32 16
32 16
32 16
400 8
16 16
32 16
32 16
32 16
400 16
16 16
32 16
32 16
32 16
2464 16
32 16
32 16
32 16
416 16
32 16
32 16
32 16
416 16
32 16
32 16
32 16
416 16
32 16
32 16
32 16
7104 16
64 8
960 16
7712 16
512 8
119
119 4
160 8
32 16
64 8
416 16
32 16
32 16
32 16
912 4
16 8
32 16
64 8
2464 8
32 16
64 8
416 16
32 16
32 16
32 16
928 8
32 16
64 8
7104 8
279
279 2
32 16
64 8
448 8
32 8
32 16
1024 4
2464 4
32 16
64 8
448 8
32 8
32 16
1024 2
311
311 8
32 8
32 16
416 8
32 16
32 16
32 16
416 8
32 16
32 16
32 16
416 16
32 16
32 16
32 16
2464 16
32 16
32 16
32 16
416 16
32 16
32 16
32 8
416 16
32 16
32 16
32 16
416 16
64 8
375
375 4
448 16
32 16
32 16
928 4
32 16
64 8
2464 8
32 16
64 8
416 16
32 8
32 16
960 8
823
823 4
32 16
32 16
480 4
32 16
512 8
2464 8
32 16
32 16
32 8
480 16
855
855 4
32 16
448 4
64 16
512 8
2464 8
32 16
32 16
512 4
480 4
887
887 8
512 8
448 8
32 8
32 16
2464 16
32 8
32 16
960 8
1911
1911 2
2464 2
