1
1 1
2 2
2 6
2 6
8 6
6 6
2 6
8 12
32 6
214 2
2 2
8 6
32 6
512 2
3
3 1
2 6
2 6
8 6
6 6
2 6
8 12
32 6
214 2
2 2
8 6
32 6
512 2
5
5 3
2 6
8 6
2 6
2 12
2 12
2 12
8 12
20 12
4 12
8 12
210 6
2 6
2 6
2 6
8 6
20 12
4 12
8 12
500 6
4 6
8 6
7
7 3
8 6
4 6
2 12
2 12
8 12
20 12
4 12
8 12
210 6
2 6
2 6
2 6
8 6
20 12
4 12
8 12
500 6
4 6
8 6
15
15 3
6 12
2 12
8 12
20 6
4 12
8 12
210 6
2 6
2 6
2 6
8 6
20 12
4 12
8 12
500 6
4 6
8 6
21
21 3
2 6
8 12
32 6
198 6
2 12
8 12
6 6
2 6
8 12
32 6
456 12
8 12
8 6
8 12
32 6
23
23 3
8 12
32 6
200 6
8 12
6 6
2 6
8 12
32 6
456 12
8 12
8 6
8 12
32 6
31
31 6
24 6
8 12
208 6
6 12
2 12
8 12
20 12
4 12
8 12
464 12
4 6
4 12
8 12
20 12
4 12
8 12
63
63 3
214 6
2 6
8 12
32 6
464 6
8 6
8 12
32 6
277
277 1
2 2
8 6
32 6
512 2
279
279 1
8 6
32 6
512 2
287
287 3
24 6
8 12
504 6
8 6
319
319 3
480 6
32 6
831
831 1
