15
15 2
16 8
32 16
64 8
128 8
32 4
32 16
64 8
128 8
320 16
64 16
128 16
896 4
128 8
2048 2
31
31 4
32 16
64 8
128 8
16 4
16 8
32 16
64 8
128 8
272 16
16 16
32 32
64 16
128 16
784 8
16 8
32 16
64 8
128 4
1808 8
16 8
32 16
64 4
63
63 8
32 8
32 16
128 16
32 16
32 16
32 16
32 16
128 16
272 16
16 32
32 32
32 32
32 32
128 16
784 16
16 16
32 16
32 16
32 16
1936 16
16 16
32 8
32 8
127
127 4
128 8
32 8
32 16
64 8
128 4
288 16
32 32
64 16
912 4
16 8
32 16
64 8
1936 8
16 4
255
255 2
32 8
32 16
64 4
416 16
32 16
992 4
2032 2
287
287 2
32 16
64 8
448 16
64 16
1024 2
319
319 8
32 8
32 16
416 16
32 32
32 32
32 16
928 16
32 8
32 8
383
383 2
448 16
992 2
831
831 4
32 8
512 4
