3
3 1
4 2
8 2
4 2
4 2
8 2
20 2
4 2
8 2
24 2
8 2
24 2
8 2
128 2
4 2
4 2
8 2
4 2
4 2
8 2
20 2
4 2
8 2
24 2
8 2
24 2
8 2
128 2
776 2
8 2
8 2
8 2
24 2
8 2
24 2
8 2
24 2
8 2
128 2
7
7 1
8 2
4 2
4 2
8 2
20 2
4 2
8 2
24 2
8 2
24 2
8 2
128 2
4 2
4 2
8 2
4 2
4 2
8 2
20 2
4 2
8 2
24 2
8 2
24 2
8 2
128 2
776 2
8 2
8 2
8 2
24 2
8 2
24 2
8 2
24 2
8 2
128 2
15
15 1
4 2
4 2
8 2
20 2
4 2
8 2
24 2
8 2
24 2
8 2
128 2
4 2
4 2
8 2
4 2
4 2
8 2
20 2
4 2
8 2
24 2
8 2
24 2
8 2
128 2
776 2
8 2
8 2
8 2
24 2
8 2
24 2
8 2
24 2
8 2
128 2
19
19 1
4 2
8 2
20 2
4 2
8 2
24 2
8 2
24 2
8 2
128 2
4 2
4 2
8 2
4 2
4 2
8 2
20 2
4 2
8 2
24 2
8 2
24 2
8 2
128 2
776 2
8 2
8 2
8 2
24 2
8 2
24 2
8 2
24 2
8 2
128 2
23
23 1
8 2
20 2
4 2
8 2
24 2
8 2
24 2
8 2
128 2
4 2
4 2
8 2
4 2
4 2
8 2
20 2
4 2
8 2
24 2
8 2
24 2
8 2
128 2
776 2
8 2
8 2
8 2
24 2
8 2
24 2
8 2
24 2
8 2
128 2
31
31 1
20 2
4 2
8 2
24 2
8 2
24 2
8 2
128 2
4 2
4 2
8 2
4 2
4 2
8 2
20 2
4 2
8 2
24 2
8 2
24 2
8 2
128 2
776 2
8 2
8 2
8 2
24 2
8 2
24 2
8 2
24 2
8 2
128 2
51
51 1
4 2
8 2
24 2
8 2
24 2
8 2
128 2
4 2
4 2
8 2
4 2
4 2
8 2
20 2
4 2
8 2
24 2
8 2
24 2
8 2
128 2
776 2
8 2
8 2
8 2
24 2
8 2
24 2
8 2
24 2
8 2
128 2
55
55 1
8 2
24 2
8 2
24 2
8 2
128 2
4 2
4 2
8 2
4 2
4 2
8 2
20 2
4 2
8 2
24 2
8 2
24 2
8 2
128 2
776 2
8 2
8 2
8 2
24 2
8 2
24 2
8 2
24 2
8 2
128 2
63
63 1
24 2
8 2
24 2
8 2
128 2
4 2
4 2
8 2
4 2
4 2
8 2
20 2
4 2
8 2
24 2
8 2
24 2
8 2
128 2
776 2
8 2
8 2
8 2
24 2
8 2
24 2
8 2
24 2
8 2
128 2
87
87 1
8 2
24 2
8 2
128 2
4 2
4 2
8 2
4 2
4 2
8 2
20 2
4 2
8 2
24 2
8 2
24 2
8 2
128 2
776 2
8 2
8 2
8 2
24 2
8 2
24 2
8 2
24 2
8 2
128 2
95
95 1
24 2
8 2
128 2
4 2
4 2
8 2
4 2
4 2
8 2
20 2
4 2
8 2
24 2
8 2
24 2
8 2
128 2
776 2
8 2
8 2
8 2
24 2
8 2
24 2
8 2
24 2
8 2
128 2
119
119 1
8 2
128 2
4 2
4 2
8 2
4 2
4 2
8 2
20 2
4 2
8 2
24 2
8 2
24 2
8 2
128 2
776 2
8 2
8 2
8 2
24 2
8 2
24 2
8 2
24 2
8 2
128 2
127
127 1
128 2
4 2
4 2
8 2
4 2
4 2
8 2
20 2
4 2
8 2
24 2
8 2
24 2
8 2
128 2
776 2
8 2
8 2
8 2
24 2
8 2
24 2
8 2
24 2
8 2
128 2
255
255 1
4 2
4 2
8 2
4 2
4 2
8 2
20 2
4 2
8 2
24 2
8 2
24 2
8 2
128 2
776 2
8 2
8 2
8 2
24 2
8 2
24 2
8 2
24 2
8 2
128 2
259
259 1
4 2
8 2
4 2
4 2
8 2
20 2
4 2
8 2
24 2
8 2
24 2
8 2
128 2
776 2
8 2
8 2
8 2
24 2
8 2
24 2
8 2
24 2
8 2
128 2
263
263 1
8 2
4 2
4 2
8 2
20 2
4 2
8 2
24 2
8 2
24 2
8 2
128 2
776 2
8 2
8 2
8 2
24 2
8 2
24 2
8 2
24 2
8 2
128 2
271
271 1
4 2
4 2
8 2
20 2
4 2
8 2
24 2
8 2
24 2
8 2
128 2
776 2
8 2
8 2
8 2
24 2
8 2
24 2
8 2
24 2
8 2
128 2
275
275 1
4 2
8 2
20 2
4 2
8 2
24 2
8 2
24 2
8 2
128 2
776 2
8 2
8 2
8 2
24 2
8 2
24 2
8 2
24 2
8 2
128 2
279
279 1
8 2
20 2
4 2
8 2
24 2
8 2
24 2
8 2
128 2
776 2
8 2
8 2
8 2
24 2
8 2
24 2
8 2
24 2
8 2
128 2
287
287 1
20 2
4 2
8 2
24 2
8 2
24 2
8 2
128 2
776 2
8 2
8 2
8 2
24 2
8 2
24 2
8 2
24 2
8 2
128 2
307
307 1
4 2
8 2
24 2
8 2
24 2
8 2
128 2
776 2
8 2
8 2
8 2
24 2
8 2
24 2
8 2
24 2
8 2
128 2
311
311 1
8 2
24 2
8 2
24 2
8 2
128 2
776 2
8 2
8 2
8 2
24 2
8 2
24 2
8 2
24 2
8 2
128 2
319
319 1
24 2
8 2
24 2
8 2
128 2
776 2
8 2
8 2
8 2
24 2
8 2
24 2
8 2
24 2
8 2
128 2
343
343 1
8 2
24 2
8 2
128 2
776 2
8 2
8 2
8 2
24 2
8 2
24 2
8 2
24 2
8 2
128 2
351
351 1
24 2
8 2
128 2
776 2
8 2
8 2
8 2
24 2
8 2
24 2
8 2
24 2
8 2
128 2
375
375 1
8 2
128 2
776 2
8 2
8 2
8 2
24 2
8 2
24 2
8 2
24 2
8 2
128 2
383
383 1
128 2
776 2
8 2
8 2
8 2
24 2
8 2
24 2
8 2
24 2
8 2
128 2
511
511 1
776 2
8 2
8 2
8 2
24 2
8 2
24 2
8 2
24 2
8 2
128 2
1287
1287 1
8 2
8 2
8 2
24 2
8 2
24 2
8 2
24 2
8 2
128 2
1295
1295 1
8 2
8 2
24 2
8 2
24 2
8 2
24 2
8 2
128 2
1303
1303 1
8 2
24 2
8 2
24 2
8 2
24 2
8 2
128 2
1311
1311 1
24 2
8 2
24 2
8 2
24 2
8 2
128 2
1335
1335 1
8 2
24 2
8 2
24 2
8 2
128 2
1343
1343 1
24 2
8 2
24 2
8 2
128 2
1367
1367 1
8 2
24 2
8 2
128 2
1375
1375 1
24 2
8 2
128 2
1399
1399 1
8 2
128 2
1407
1407 1
128 2
1535
1535 1
