7
7 2
8 4
8 8
8 8
24 16
8 16
56 8
8 8
128 8
24 4
8 4
24 16
8 16
56 8
8 8
128 8
312 16
8 16
56 16
8 16
128 16
888 4
8 4
128 8
2048 4
280 4
8 4
24 16
8 16
56 8
8 8
128 8
312 16
8 16
56 16
8 16
128 16
888 4
8 4
128 8
2048 2
15
15 2
8 8
8 8
24 16
8 16
56 8
8 8
128 8
24 4
8 4
24 16
8 16
56 8
8 8
128 8
312 16
8 16
56 16
8 16
128 16
888 4
8 4
128 8
2048 2
280 4
8 4
24 16
8 16
56 8
8 8
128 8
312 16
8 16
56 16
8 16
128 16
888 4
8 4
128 8
23
23 4
8 8
24 16
8 16
56 8
8 8
128 8
8 4
8 8
8 8
8 8
24 16
8 16
56 8
8 8
128 8
264 16
8 16
8 16
8 16
24 32
8 32
56 16
8 16
128 16
776 8
8 8
8 8
8 8
24 16
8 16
56 8
8 8
128 8
1808 8
16 8
32 16
64 8
408 8
8 8
24 16
8 16
56 8
8 8
128 8
280 16
8 16
24 32
8 32
56 16
8 16
128 16
792 8
8 8
24 16
8 16
56 8
8 8
128 4
1824 8
32 16
64 4
31
31 4
24 16
8 16
56 8
8 8
128 8
16 4
8 8
8 8
24 16
8 16
56 8
8 8
128 8
264 16
8 16
8 16
8 16
24 32
8 32
56 16
8 16
128 16
776 8
8 8
8 8
8 8
24 16
8 16
56 8
8 8
128 4
1808 8
16 8
32 16
64 4
408 8
8 8
24 16
8 16
56 8
8 8
128 8
280 16
8 16
24 32
8 32
56 16
8 16
128 16
792 8
8 8
24 16
8 16
56 8
8 8
1952 8
32 16
55
55 8
8 16
24 8
8 16
24 16
8 16
128 16
24 16
8 16
24 16
8 16
24 16
8 16
24 16
8 16
128 16
264 16
8 32
8 32
8 32
24 32
8 32
24 32
8 32
24 32
8 32
128 32
776 16
8 16
8 16
8 16
24 16
8 16
24 16
8 16
24 16
8 16
1936 16
16 16
32 16
32 16
440 16
8 16
24 16
8 16
24 16
8 16
24 16
8 16
128 16
280 32
8 32
24 32
8 32
24 32
8 32
24 32
8 32
128 16
792 16
8 16
24 16
8 16
24 16
8 16
24 16
8 16
1952 16
32 8
32 8
63
63 8
32 8
24 16
8 16
128 16
24 16
8 16
24 16
8 16
24 16
8 16
24 16
8 16
128 16
272 16
8 32
8 32
24 32
8 32
24 32
8 32
24 32
8 32
128 16
776 16
8 16
8 16
8 16
24 16
8 16
24 16
8 16
24 16
8 16
1936 16
16 16
32 8
32 8
440 16
8 16
24 16
8 16
24 16
8 16
24 16
8 16
128 16
280 32
8 32
24 32
8 32
24 32
8 32
24 32
8 32
920 16
8 16
24 16
8 16
24 16
8 16
24 16
8 16
1952 16
119
119 4
8 8
128 8
24 8
8 8
24 16
8 16
56 8
8 8
128 8
280 16
8 16
24 32
8 32
56 16
8 16
904 4
8 8
8 8
8 8
24 16
8 16
56 8
8 8
1936 8
16 8
504 8
8 8
24 16
8 16
56 8
8 8
128 4
280 16
8 16
24 32
8 32
56 16
8 16
920 8
8 8
24 16
8 16
56 8
8 8
1952 4
127
127 4
128 8
24 8
8 8
24 16
8 16
56 8
8 8
128 4
280 16
8 16
24 32
8 32
56 16
8 16
912 4
8 8
8 8
24 16
8 16
56 8
8 8
1936 8
16 4
504 8
8 8
24 16
8 16
56 8
8 8
408 16
8 16
24 32
8 32
56 16
8 16
920 8
8 8
24 16
8 16
56 8
8 8
255
255 2
24 8
8 8
24 16
8 16
56 8
8 4
408 16
8 16
24 32
8 16
56 16
928 8
8 4
24 16
64 8
1944 2
520 8
32 16
64 4
416 16
32 16
992 4
279
279 2
8 4
24 16
8 16
56 8
8 8
440 16
8 16
56 16
8 16
1016 4
8 4
2456 4
8 4
24 16
8 16
56 8
8 8
440 16
8 16
56 16
8 16
1016 4
8 2
287
287 2
24 16
8 16
56 8
8 8
440 16
8 16
56 16
8 16
1016 4
8 2
2456 4
8 4
24 16
8 16
56 8
8 8
440 16
8 16
56 16
8 16
1016 4
311
311 8
8 16
24 8
8 16
24 16
8 16
408 16
8 32
24 32
8 32
24 32
8 32
24 32
8 32
920 16
8 16
24 16
8 16
24 16
8 16
24 16
2464 16
8 16
24 16
8 16
24 16
8 16
24 16
8 16
408 32
8 32
24 32
8 32
24 32
8 32
24 32
8 16
920 16
8 16
24 16
8 8
24 16
8 8
24 16
319
319 8
32 8
24 16
8 16
416 16
24 32
8 32
24 32
8 32
24 32
8 16
920 16
8 16
24 16
8 8
24 16
8 8
24 16
2464 16
8 16
24 16
8 16
24 16
8 16
24 16
8 16
408 32
8 32
24 32
8 32
24 32
8 32
24 32
928 16
8 16
24 16
32 16
32 16
375
375 4
8 8
440 32
8 32
56 16
928 4
8 8
24 16
64 8
2464 8
8 8
24 16
8 16
56 8
8 4
408 16
8 16
24 32
8 32
56 16
928 8
8 4
24 16
64 8
383
383 2
440 32
8 16
56 16
936 2
24 16
64 8
2464 8
32 16
64 4
416 16
32 16
992 4
823
823 8
8 16
24 16
8 32
24 32
480 8
8 16
24 32
512 16
2464 16
8 16
24 32
8 32
24 32
8 32
24 32
448 16
8 8
24 32
8 16
24 32
480 16
8 8
24 32
512 16
831
831 4
32 8
24 32
488 4
24 32
512 16
2464 16
32 32
32 32
32 16
448 8
32 16
512 8
887
887 8
512 8
448 16
64 16
2464 16
8 16
24 32
8 16
56 16
416 16
8 8
24 32
64 16
416 16
8 8
24 32
64 16
416 16
32 32
64 16
1911
1911 2
2464 4
8 2
24 16
64 8
448 16
64 16
1024 4
4375
4375 2
32 16
64 8
448 16
64 16
1024 2
4407
4407 8
32 8
32 16
416 16
32 32
32 32
32 16
928 16
32 8
32 8
4471
4471 2
448 16
992 2
4919
4919 4
32 8
512 4
